
Linux 5.2.8200225+ (knl03.kisti.re.kr) 	2020년 04월 07일 	_x86_64_	(272 CPU)

                CPU     %user     %nice   %system   %iowait    %steal     %idle
                all      0.03      0.00      0.10      0.00      0.00     99.87
                all      0.02      0.00      0.09      0.15      0.00     99.74
                all      0.02      0.00      0.07      0.37      0.00     99.55
                all      0.01      0.00      0.07      0.36      0.00     99.55
                all      0.02      0.00      0.08      0.03      0.00     99.88
                all      0.02      0.00      0.14      0.25      0.00     99.58
                all      0.03      0.00      0.09      0.04      0.00     99.85
                all      0.03      0.00      0.11      0.00      0.00     99.86
                all      0.09      0.00      0.22      0.08      0.00     99.60
                all      0.01      0.00      0.18      0.01      0.00     99.80
                all      0.02      0.00      0.08      0.00      0.00     99.90
                all      0.01      0.00      0.08      0.00      0.00     99.91
start----
                all      0.11      0.00      0.80      0.02      0.00     99.08
                all      0.06      0.00      2.75      0.00      0.00     97.19
                all      0.01      0.00      0.10      0.00      0.00     99.88
                all      0.01      0.00      0.08      0.00      0.00     99.91
                all      0.01      0.00      0.07      0.02      0.00     99.89
                all      0.01      0.00      0.08      0.05      0.00     99.86
                all      0.08      0.00      1.61      0.03      0.00     98.28
                all      0.05      0.00      1.78      0.00      0.00     98.17
end------
                all      0.03      0.00      0.18      0.00      0.00     99.79
                all      0.25      0.00      0.47      0.00      0.00     99.28
                all      0.64      0.00      0.52      0.00      0.00     98.84
start----
                all      0.11      0.00      0.41      0.00      0.00     99.48
                all      0.07      0.00      2.64      0.02      0.00     97.26
                all      0.04      0.00      0.72      0.00      0.00     99.24
end------
                all      0.08      0.00      0.33      0.00      0.00     99.59
                all      0.11      0.00      0.46      0.00      0.00     99.44
                all      0.11      0.00      0.46      0.00      0.00     99.42
start----
                all      0.13      0.00      0.94      0.02      0.00     98.91
                all      0.03      0.00      3.00      0.00      0.00     96.96
                all      0.06      0.00      2.92      0.00      0.00     97.02
                all      0.02      0.00      0.05      0.00      0.00     99.92
end------
                all      0.10      0.00      0.42      0.00      0.00     99.48
                all      0.10      0.00      0.47      0.00      0.00     99.42
                all      0.11      0.00      0.47      0.00      0.00     99.42
start----
                all      0.10      0.00      1.58      0.03      0.00     98.30
                all      0.03      0.00      3.01      0.00      0.00     96.97
                all      0.06      0.00      2.07      0.01      0.00     97.86
end------
                all      0.01      0.00      0.09      0.00      0.00     99.89
                all      0.12      0.00      0.45      0.00      0.00     99.43
                all      0.10      0.00      0.48      0.07      0.00     99.34
start----
                all      0.11      0.00      0.46      0.00      0.00     99.43
                all      0.08      0.00      2.30      0.02      0.00     97.60
                all      0.03      0.00      2.99      0.00      0.00     96.97
                all      0.05      0.00      1.24      0.00      0.00     98.71
end------
                all      0.03      0.00      0.17      0.00      0.00     99.80
                all      0.11      0.00      0.46      0.00      0.00     99.43
                all      0.12      0.00      0.46      0.00      0.00     99.42
start----
                all      0.11      0.00      0.42      0.00      0.00     99.47
                all      0.08      0.00      2.65      0.02      0.00     97.25
                all      0.03      0.00      3.16      0.00      0.00     96.81
                all      0.04      0.00      3.55      0.00      0.00     96.41
                all      0.04      0.00      3.03      0.00      0.00     96.93
                all      0.07      0.00      1.58      0.00      0.00     98.34
end------
                all      0.04      0.00      0.19      0.00      0.00     99.77
                all      0.12      0.00      0.46      0.00      0.00     99.42
                all      0.11      0.00      0.46      0.00      0.00     99.42
start----
                all      0.10      0.00      0.42      0.00      0.00     99.48
                all      0.08      0.00      2.78      0.01      0.00     97.12
                all      0.03      0.00      3.17      0.00      0.00     96.80
                all      0.06      0.00      3.50      0.00      0.00     96.44
                all      0.01      0.00      3.05      0.00      0.00     96.94
                all      0.10      0.00      1.36      0.00      0.00     98.53
end------
                all      0.03      0.00      0.13      0.00      0.00     99.85
                all      0.11      0.00      0.46      0.00      0.00     99.43
                all      0.13      0.00      0.45      0.07      0.00     99.35
start----
                all      0.11      0.00      0.43      0.00      0.00     99.46
                all      0.08      0.00      2.50      0.02      0.00     97.41
                all      0.04      0.00      3.10      0.00      0.00     96.86
                all      0.06      0.00      3.55      0.00      0.00     96.39
                all      0.07      0.00      3.03      0.00      0.00     96.90
                all      0.14      0.00      1.75      0.00      0.00     98.11
end------
                all      0.05      0.00      0.21      0.00      0.00     99.74
                all      0.11      0.00      0.46      0.00      0.00     99.42
                all      0.11      0.00      0.46      0.00      0.00     99.43
start----
                all      0.11      0.00      0.41      0.00      0.00     99.48
                all      0.08      0.00      2.60      0.01      0.00     97.32
                all      0.03      0.00      3.11      0.00      0.00     96.87
                all      0.04      0.00      3.55      0.00      0.00     96.41
                all      0.03      0.00      3.60      0.00      0.00     96.37
                all      0.04      0.00      3.58      0.00      0.00     96.39
                all      0.03      0.00      2.55      0.94      0.00     96.47
                all      0.18      0.00      1.76      1.44      0.00     96.62
                all      0.01      0.00      3.06      0.00      0.00     96.93
                all      0.02      0.00      3.02      0.00      0.00     96.96
                all      0.33      0.00      2.42      0.00      0.00     97.25
end------
                all      0.00      0.00      0.04      0.00      0.00     99.96
                all      0.11      0.00      0.46      0.00      0.00     99.43
                all      0.12      0.00      0.45      0.00      0.00     99.42
                all      0.11      0.00      0.46      0.00      0.00     99.43
start----
                all      0.10      0.00      1.77      0.03      0.00     98.10
                all      0.03      0.00      3.01      0.00      0.00     96.96
                all      0.04      0.00      3.46      0.00      0.00     96.50
                all      0.03      0.00      3.52      0.00      0.00     96.45
                all      0.03      0.00      3.51      0.00      0.00     96.46
                all      0.03      0.00      3.15      0.38      0.00     96.43
                all      0.02      0.00      1.68      1.72      0.00     96.58
                all      0.32      0.00      2.73      0.11      0.00     96.84
                all      0.02      0.00      3.02      0.00      0.00     96.96
                all      0.02      0.00      3.02      0.00      0.00     96.96
                all      0.34      0.00      0.43      0.00      0.00     99.22
end------
                all      0.07      0.00      0.33      0.00      0.00     99.60
                all      0.11      0.00      0.46      0.00      0.00     99.43
                all      0.11      0.00      0.46      0.00      0.00     99.43
start----
                all      0.12      0.00      0.93      0.02      0.00     98.93
                all      0.03      0.00      3.01      0.00      0.00     96.96
                all      0.03      0.00      3.26      0.00      0.00     96.70
                all      0.03      0.00      3.57      0.00      0.00     96.40
                all      0.03      0.00      3.52      0.00      0.00     96.45
                all      0.04      0.00      3.56      0.00      0.00     96.39
                all      0.03      0.00      2.15      1.35      0.00     96.48
                all      0.25      0.00      2.56      0.47      0.00     96.73
                all      0.01      0.00      3.03      0.00      0.00     96.96
                all      0.02      0.00      3.03      0.00      0.00     96.95
                all      0.31      0.00      1.02      0.00      0.00     98.66
end------
                all      0.05      0.00      0.23      0.00      0.00     99.73
                all      0.10      0.00      0.46      0.00      0.00     99.44
                all      0.10      0.00      0.46      0.07      0.00     99.36
start----
                all      0.13      0.00      0.58      0.03      0.00     99.26
                all      0.14      0.00      5.39      0.00      0.00     94.47
end------
                all      0.01      0.00      0.05      0.00      0.00     99.94
                all      0.11      0.00      0.44      0.00      0.00     99.45
                all      0.11      0.00      0.46      0.00      0.00     99.43
                all      0.11      0.00      0.46      0.00      0.00     99.43
start----
                all      0.16      0.00      3.34      0.02      0.00     96.47
                all      0.05      0.00      2.39      0.00      0.00     97.55
end------
                all      0.05      0.00      0.23      0.00      0.00     99.71
                all      0.11      0.00      0.45      0.00      0.00     99.44
                all      0.12      0.00      0.46      0.07      0.00     99.35
start----
                all      0.20      0.00      0.63      0.02      0.00     99.16
                all      0.13      0.00      5.36      0.00      0.00     94.52
end------
                all      0.00      0.00      0.04      0.01      0.00     99.95
                all      0.17      0.00      0.58      0.01      0.00     99.24
                all      0.21      0.00      0.71      0.00      0.00     99.08
                all      0.23      0.00      0.54      0.01      0.00     99.22
start----
                all      0.18      0.00      3.57      0.09      0.00     96.16
                all      0.09      0.00      5.91      0.00      0.00     94.00
                all      0.05      0.00      1.69      0.03      0.00     98.23
end------
                all      0.06      0.00      0.28      0.00      0.00     99.66
                all      0.12      0.00      0.51      0.01      0.00     99.36
                all      0.11      0.00      0.48      0.00      0.00     99.40
start----
                all      0.10      0.00      0.42      0.01      0.00     99.47
                all      0.18      0.00      5.69      0.04      0.00     94.09
                all      0.11      0.00      5.33      0.05      0.00     94.51
end------
                all      0.01      0.00      0.07      0.01      0.00     99.91
                all      0.10      0.00      0.44      0.00      0.00     99.46
                all      0.11      0.00      0.48      0.00      0.00     99.41
                all      0.13      0.00      0.51      0.02      0.00     99.35
start----
                all      0.16      0.00      3.12      0.02      0.00     96.71
                all      0.06      0.00      5.96      0.00      0.00     93.98
                all      0.06      0.00      2.04      0.02      0.00     97.89
end------
                all      0.09      0.00      0.37      0.06      0.00     99.48
                all      0.11      0.00      0.48      0.01      0.00     99.40
                all      0.11      0.00      0.46      0.00      0.00     99.42
start----
                all      0.18      0.00      0.80      0.03      0.00     98.99
                all      0.06      0.00      6.00      0.01      0.00     93.93
                all      0.04      0.00      6.36      0.00      0.00     93.60
                all      0.10      0.00      6.02      0.01      0.00     93.88
                all      0.52      0.00      3.57      0.02      0.00     95.89
end------
                all      0.04      0.00      0.19      0.02      0.00     99.75
                all      0.14      0.00      0.58      0.04      0.00     99.24
                all      0.11      0.00      0.47      0.00      0.00     99.42
                all      0.12      0.00      0.45      0.00      0.00     99.42
start----
                all      0.14      0.00      4.31      0.03      0.00     95.52
                all      0.04      0.00      6.17      0.00      0.00     93.78
                all      0.54      0.00      5.86      0.00      0.00     93.60
                all      0.05      0.00      6.01      0.00      0.00     93.94
                all      0.57      0.00      0.62      0.04      0.00     98.77
end------
                all      0.08      0.00      0.40      0.01      0.00     99.52
                all      0.14      0.00      0.62      0.06      0.00     99.19
                all      0.12      0.00      0.46      0.00      0.00     99.41
start----
                all      0.17      0.00      1.77      0.01      0.00     98.04
                all      0.06      0.00      5.99      0.01      0.00     93.95
                all      0.28      0.00      6.45      0.01      0.00     93.25
                all      0.03      0.00      6.07      0.00      0.00     93.90
                all      0.44      0.00      2.50      0.00      0.00     97.06
end------
                all      0.05      0.00      0.22      0.00      0.00     99.73
                all      0.11      0.00      0.47      0.00      0.00     99.41
                all      0.17      0.00      0.57      0.03      0.00     99.23
start----
                all      0.11      0.00      0.42      0.00      0.00     99.47
                all      0.15      0.00      5.28      0.02      0.00     94.55
                all      0.03      0.00      6.28      0.00      0.00     93.68
                all      0.03      0.00      6.47      0.00      0.00     93.50
                all      0.03      0.00      5.33      1.11      0.00     93.53
                all      0.34      0.00      2.52      3.51      0.00     93.63
                all      0.01      0.00      6.01      0.00      0.00     93.97
                all      0.01      0.00      5.98      0.00      0.00     94.01
                all      0.08      0.00      5.92      0.00      0.00     94.01
                all      0.39      0.00      0.34      0.01      0.00     99.25
end------
                all      0.06      0.00      0.28      0.00      0.00     99.66
                all      0.11      0.00      0.45      0.00      0.00     99.43
                all      0.11      0.00      0.46      0.00      0.00     99.44
start----
                all      0.19      0.00      1.18      0.02      0.00     98.61
                all      0.06      0.00      5.93      0.00      0.00     94.01
                all      0.03      0.00      6.39      0.00      0.00     93.58
                all      0.03      0.00      6.51      0.00      0.00     93.46
                all      0.03      0.00      4.43      1.99      0.00     93.55
                all      0.52      0.00      3.08      2.65      0.00     93.76
                all      0.01      0.00      6.03      0.00      0.00     93.96
                all      0.02      0.00      5.98      0.00      0.00     94.00
                all      0.39      0.00      5.22      0.00      0.00     94.39
                all      0.02      0.00      0.08      0.00      0.00     99.89
end------
                all      0.08      0.00      0.35      0.00      0.00     99.58
                all      0.12      0.00      0.45      0.00      0.00     99.43
                all      0.11      0.00      0.46      0.00      0.00     99.43
start----
                all      0.21      0.00      1.91      0.01      0.00     97.87
                all      0.04      0.00      5.98      0.00      0.00     93.98
                all      0.03      0.00      6.49      0.00      0.00     93.49
                all      0.03      0.00      6.58      0.00      0.00     93.38
                all      0.03      0.00      3.82      2.69      0.00     93.45
                all      1.90      0.00      2.27      2.33      0.00     93.50
                all      0.03      0.00      6.00      0.00      0.00     93.96
                all      0.01      0.00      5.98      0.00      0.00     94.01
                all      0.01      0.00      5.98      0.00      0.00     94.01
                all      0.15      0.00      0.77      0.00      0.00     99.07
end------
                all      0.06      0.00      0.25      0.00      0.00     99.69
                all      0.11      0.00      0.46      0.00      0.00     99.43
                all      0.11      0.00      0.46      0.07      0.00     99.36
start----
                all      0.32      0.00      1.20      0.03      0.00     98.46
                all      0.17      0.00     10.44      0.00      0.00     89.38
                all      0.01      0.00      0.04      0.00      0.00     99.94
end------
                all      0.14      0.00      0.45      0.02      0.00     99.38
                all      0.15      0.00      0.64      0.00      0.00     99.21
                all      0.28      0.00      0.61      0.02      0.00     99.08
start----
                all      0.34      0.00      6.56      0.05      0.00     93.05
                all      0.16      0.00      5.12      0.04      0.00     94.68
end------
                all      0.10      0.00      0.45      0.00      0.00     99.45
                all      0.12      0.00      0.48      0.00      0.00     99.41
                all      0.17      0.00      0.55      0.03      0.00     99.24
start----
                all      0.19      0.00      0.48      0.01      0.00     99.32
                all      0.37      0.00      9.61      0.08      0.00     89.95
                all      0.07      0.00      2.02      0.00      0.00     97.91
end------
                all      0.08      0.00      0.34      0.00      0.00     99.58
                all      0.12      0.00      0.47      0.00      0.00     99.41
                all      0.21      0.00      0.58      0.03      0.00     99.18
start----
                all      0.28      0.00      1.00      0.04      0.00     98.68
                all      0.29      0.00     11.77      0.03      0.00     87.91
                all      0.09      0.00      9.46      0.04      0.00     90.41
end------
                all      0.01      0.00      0.06      0.01      0.00     99.92
                all      0.11      0.00      0.46      0.00      0.00     99.42
                all      0.14      0.00      0.54      0.03      0.00     99.29
                all      0.23      0.00      0.55      0.01      0.00     99.21
start----
                all      0.29      0.00      5.97      0.04      0.00     93.70
                all      0.30      0.00     11.82      0.03      0.00     87.85
                all      0.07      0.00      4.29      0.04      0.00     95.61
end------
                all      0.05      0.00      0.22      0.00      0.00     99.73
                all      0.13      0.00      0.45      0.00      0.00     99.41
                all      0.26      0.00      0.58      0.03      0.00     99.12
start----
                all      0.13      0.00      0.45      0.01      0.00     99.41
                all      0.29      0.00     11.40      0.06      0.00     88.26
                all      0.20      0.00     10.49      0.00      0.00     89.30
                all      0.01      0.00      0.08      0.03      0.00     99.88
end------
                all      0.12      0.00      0.51      0.01      0.00     99.37
                all      0.17      0.00      0.56      0.02      0.00     99.24
                all      0.11      0.00      0.46      0.00      0.00     99.43
start----
                all      0.28      0.00      4.79      0.02      0.00     94.91
                all      0.04      0.00     11.94      0.00      0.00     88.02
                all      0.15      0.00     12.16      0.00      0.00     87.69
                all      0.02      0.00     11.90      0.00      0.00     88.09
                all      0.40      0.00      2.57      0.01      0.00     97.02
end------
                all      0.05      0.00      0.21      0.00      0.00     99.74
                all      0.11      0.00      0.45      0.00      0.00     99.44
                all      0.11      0.00      0.46      0.00      0.00     99.43
start----
                all      0.10      0.00      0.41      0.01      0.00     99.48
                all      0.24      0.00     10.44      0.02      0.00     89.30
                all      0.04      0.00     12.22      0.00      0.00     87.74
                all      0.05      0.00     11.97      0.00      0.00     87.97
                all      0.22      0.00      8.34      0.00      0.00     91.44
                all      0.01      0.00      0.05      0.00      0.00     99.93
end------
                all      0.11      0.00      0.42      0.00      0.00     99.47
                all      0.11      0.00      0.45      0.02      0.00     99.41
                all      0.10      0.00      0.46      0.05      0.00     99.38
start----
                all      0.31      0.00      5.58      0.02      0.00     94.10
                all      0.03      0.00     12.00      0.00      0.00     87.97
                all      0.10      0.00     12.15      0.01      0.00     87.75
                all      0.01      0.00     11.88      0.00      0.00     88.11
                all      0.22      0.00      1.53      0.00      0.00     98.24
end------
                all      0.09      0.00      0.34      0.00      0.00     99.57
                all      0.12      0.00      0.45      0.00      0.00     99.43
                all      0.14      0.00      0.44      0.00      0.00     99.42
start----
                all      0.31      0.00      2.81      0.03      0.00     96.84
                all      0.04      0.00     11.87      0.00      0.00     88.09
                all      0.04      0.00     12.39      0.00      0.00     87.57
                all      0.03      0.00     12.45      0.00      0.00     87.52
                all      0.86      0.00     11.54      0.04      0.00     87.56
                all      0.02      0.00     11.93      0.00      0.00     88.05
                all      0.02      0.00     11.88      0.00      0.00     88.11
                all      0.03      0.00     11.87      0.00      0.00     88.11
                all      0.36      0.00      0.69      0.00      0.00     98.94
end------
                all      0.10      0.00      0.35      0.00      0.00     99.55
                all      0.11      0.00      0.45      0.00      0.00     99.44
                all      0.12      0.00      0.46      0.00      0.00     99.42
start----
                all      0.30      0.00      3.40      0.03      0.00     96.27
                all      0.04      0.00     11.89      0.00      0.00     88.08
                all      0.03      0.00     12.43      0.00      0.00     87.54
                all      0.03      0.00     12.45      0.00      0.00     87.51
                all      1.58      0.00     10.80      0.05      0.00     87.58
                all      0.01      0.00     11.92      0.00      0.00     88.06
                all      0.01      0.00     11.87      0.00      0.00     88.11
                all      0.02      0.00     11.89      0.00      0.00     88.09
                all      0.23      0.00      1.01      0.00      0.00     98.76
end------
                all      0.07      0.00      0.32      0.00      0.00     99.61
                all      0.11      0.00      0.45      0.00      0.00     99.43
                all      0.13      0.00      0.45      0.07      0.00     99.36
start----
                all      0.30      0.00      3.34      0.02      0.00     96.34
                all      0.04      0.00     11.88      0.00      0.00     88.08
                all      0.04      0.00     12.42      0.00      0.00     87.54
                all      0.03      0.00     12.45      0.00      0.00     87.52
                all      0.13      0.00     12.24      0.00      0.00     87.62
                all      0.02      0.00     11.94      0.00      0.00     88.04
                all      0.01      0.00     11.87      0.00      0.00     88.12
                all      0.37      0.00     10.81      0.00      0.00     88.82
end------
                all      0.02      0.00      0.05      0.01      0.00     99.92
                all      0.13      0.00      0.51      0.00      0.00     99.36
                all      0.12      0.00      0.46      0.00      0.00     99.42
                all      0.11      0.00      0.46      0.00      0.00     99.44
start----
                all      0.70      0.00      8.44      0.03      0.00     90.84
                all      0.27      0.00     14.46      0.00      0.00     85.27
end------
                all      0.03      0.00      0.10      0.00      0.00     99.87
                all      0.13      0.00      0.45      0.00      0.00     99.42
                all      0.12      0.00      0.45      0.00      0.00     99.43
                all      0.11      0.00      0.46      0.00      0.00     99.43
start----
                all      0.81      0.00     15.07      0.10      0.00     84.02
                all      0.14      0.00      7.78      0.00      0.00     92.08
end------
                all      0.05      0.00      0.24      0.00      0.00     99.70
                all      0.12      0.00      0.45      0.00      0.00     99.43
                all      0.13      0.00      0.44      0.00      0.00     99.43
start----
                all      0.28      0.00      1.16      0.06      0.00     98.50
                all      0.84      0.00     21.54      0.01      0.00     77.61
                all      0.04      0.00      0.28      0.00      0.00     99.68
end------
                all      0.09      0.00      0.38      0.00      0.00     99.53
                all      0.11      0.00      0.46      0.00      0.00     99.44
                all      0.12      0.00      0.45      0.00      0.00     99.43
start----
                all      0.70      0.00      6.81      0.04      0.00     92.45
                all      0.15      0.00     23.54      0.00      0.00     76.31
                all      0.14      0.00     12.53      0.00      0.00     87.33
end------
                all      0.03      0.00      0.11      0.00      0.00     99.86
                all      0.13      0.00      0.44      0.00      0.00     99.43
                all      0.11      0.00      0.45      0.07      0.00     99.36
start----
                all      0.11      0.00      0.42      0.00      0.00     99.46
                all      0.66      0.00     17.92      0.06      0.00     81.36
                all      0.13      0.00     23.56      0.00      0.00     76.31
                all      0.16      0.00      1.12      0.00      0.00     98.72
end------
                all      0.09      0.00      0.37      0.00      0.00     99.53
                all      0.12      0.00      0.45      0.00      0.00     99.43
                all      0.12      0.00      0.45      0.00      0.00     99.43
start----
                all      0.70      0.00      5.92      0.05      0.00     93.34
                all      0.18      0.00     23.46      0.00      0.00     76.36
                all      0.16      0.00     13.18      0.00      0.00     86.65
end------
                all      0.04      0.00      0.14      0.00      0.00     99.81
                all      0.12      0.00      0.45      0.00      0.00     99.43
                all      0.12      0.00      0.45      0.00      0.00     99.43
start----
                all      0.11      0.00      0.42      0.00      0.00     99.47
                all      0.65      0.00     17.54      0.05      0.00     81.76
                all      0.03      0.00     23.99      0.00      0.00     75.98
                all      0.71      0.00     23.16      0.00      0.00     76.13
                all      0.25      0.00     19.22      0.00      0.00     80.53
                all      0.03      0.00      0.07      0.00      0.00     99.90
end------
                all      0.09      0.00      0.37      0.00      0.00     99.54
                all      0.11      0.00      0.46      0.00      0.00     99.42
                all      0.12      0.00      0.45      0.00      0.00     99.43
start----
                all      0.68      0.00      6.79      0.05      0.00     92.48
                all      0.04      0.00     23.72      0.00      0.00     76.24
                all      0.64      0.00     23.39      0.00      0.00     75.97
                all      0.02      0.00     23.68      0.00      0.00     76.30
                all      0.33      0.00      6.91      0.00      0.00     92.76
end------
                all      0.04      0.00      0.14      0.00      0.00     99.82
                all      0.12      0.00      0.45      0.00      0.00     99.44
                all      0.13      0.00      0.45      0.00      0.00     99.41
start----
                all      0.11      0.00      0.43      0.01      0.00     99.45
                all      0.62      0.00     18.85      0.04      0.00     80.48
                all      0.06      0.00     24.05      0.00      0.00     75.89
                all      0.35      0.00     23.76      0.00      0.00     75.88
                all      0.48      0.00     18.54      0.02      0.00     80.95
end------
                all      0.07      0.00      0.29      0.04      0.00     99.60
                all      0.20      0.00      0.61      0.06      0.00     99.13
                all      0.16      0.00      0.51      0.00      0.00     99.33
                all      0.14      0.00      0.45      0.00      0.00     99.42
start----
                all      0.77      0.00      8.79      0.07      0.00     90.36
                all      0.24      0.00     24.02      0.03      0.00     75.72
                all      0.04      0.00     24.24      0.00      0.00     75.71
                all      0.07      0.00     24.52      0.00      0.00     75.40
                all      0.36      0.00     23.73      0.01      0.00     75.90
                all      0.01      0.00     23.71      0.00      0.00     76.28
                all      0.02      0.00     23.71      0.00      0.00     76.27
                all      0.51      0.00     17.25      0.04      0.00     82.20
                all      0.00      0.00      0.04      1.06      0.00     98.89
                all      0.00      0.00      0.03      1.10      0.00     98.87
                all      0.01      0.00      0.07      0.32      0.00     99.60
end------
                all      0.05      0.00      0.24      0.04      0.00     99.67
                all      0.15      0.00      0.53      0.03      0.00     99.29
                all      0.13      0.00      0.45      0.00      0.00     99.43
                all      0.13      0.00      0.44      0.00      0.00     99.42
start----
                all      0.69      0.00     13.68      0.06      0.00     85.57
                all      0.04      0.00     23.92      0.00      0.00     76.04
                all      0.04      0.00     24.23      0.00      0.00     75.72
                all      0.05      0.00     24.16      0.00      0.00     75.79
                all      0.49      0.00     23.78      0.03      0.00     75.70
                all      0.02      0.00     23.74      0.00      0.00     76.23
                all      0.06      0.00     23.81      0.00      0.00     76.14
                all      0.27      0.00     12.29      0.01      0.00     87.43
end------
                all      0.02      0.00      0.08      0.00      0.00     99.89
                all      0.13      0.00      0.51      0.02      0.00     99.34
                all      0.13      0.00      0.44      0.00      0.00     99.42
                all      0.14      0.00      0.45      0.00      0.00     99.41
start----
                all      0.69      0.00     10.83      0.07      0.00     88.41
                all      0.16      0.00     23.99      0.02      0.00     75.83
                all      0.05      0.00     24.19      0.01      0.00     75.75
                all      0.07      0.00     24.39      0.05      0.00     75.48
                all      0.42      0.00     23.66      0.03      0.00     75.89
                all      0.01      0.00     23.71      0.00      0.00     76.28
                all      0.03      0.00     23.70      0.00      0.00     76.27
                all      0.53      0.00     15.74      0.00      0.00     83.73
                all      0.03      0.00      0.09      0.01      0.00     99.87
end------
                all      0.17      0.00      0.61      0.01      0.00     99.20
                all      0.19      0.00      0.56      0.01      0.00     99.24
                all      0.18      0.00      0.54      0.03      0.00     99.25
start----
                all      2.30      0.00      9.72      0.10      0.00     87.88
                all      0.59      0.00     45.84      0.00      0.00     53.56
                all      0.63      0.00      7.68      0.01      0.00     91.67
end------
                all      0.07      0.00      0.29      0.02      0.00     99.62
                all      0.14      0.00      0.44      0.00      0.00     99.42
                all      0.14      0.00      0.45      0.01      0.00     99.40
start----
                all      0.15      0.00      0.46      0.02      0.00     99.37
                all      2.23      0.00     33.39      0.19      0.00     64.19
                all      1.08      0.00     30.83      0.08      0.00     68.01
end------
                all      0.08      0.00      0.33      0.12      0.00     99.47
                all      0.17      0.00      0.59      0.00      0.00     99.24
                all      0.15      0.00      0.44      0.00      0.00     99.41
                all      0.15      0.00      0.49      0.02      0.00     99.34
start----
                all      1.46      0.00      7.54      0.07      0.00     90.93
                all      1.51      0.00     44.51      0.04      0.00     53.94
                all      0.62      0.00     11.21      0.03      0.00     88.14
end------
                all      0.21      0.00      0.38      0.02      0.00     99.38
                all      0.20      0.00      0.77      0.06      0.00     98.97
                all      0.18      0.00      0.53      0.01      0.00     99.28
start----
                all      0.13      0.00      0.42      0.00      0.00     99.45
                all      2.30      0.00     32.01      0.10      0.00     65.59
                all      0.49      0.00     46.37      0.08      0.00     53.05
                all      0.55      0.00     33.34      0.00      0.00     66.10
end------
                all      0.01      0.00      0.11      0.02      0.00     99.86
                all      0.15      0.00      0.46      0.01      0.00     99.38
                all      0.28      0.00      0.72      0.02      0.00     98.98
                all      0.16      0.00      0.58      0.07      0.00     99.20
start----
                all      1.56      0.00      8.90      0.07      0.00     89.48
                all      1.09      0.00     45.37      0.01      0.00     53.53
                all      0.45      0.00     45.80      0.02      0.00     53.72
                all      0.58      0.00     11.74      0.03      0.00     87.64
end------
                all      0.05      0.00      0.18      0.00      0.00     99.76
                all      0.13      0.00      0.46      0.00      0.00     99.40
                all      0.14      0.00      0.49      0.01      0.00     99.36
start----
                all      0.14      0.00      0.55      0.05      0.00     99.26
                all      2.17      0.00     29.57      0.13      0.00     68.13
                all      0.48      0.00     46.29      0.00      0.00     53.23
                all      0.55      0.00     35.35      0.00      0.00     64.10
end------
                all      0.03      0.00      0.13      0.04      0.00     99.80
                all      0.12      0.00      0.42      0.00      0.00     99.45
                all      0.16      0.00      0.46      0.01      0.00     99.37
                all      0.14      0.00      0.47      0.01      0.00     99.37
start----
                all      2.02      0.00     10.76      0.07      0.00     87.15
                all      0.07      0.00     47.50      0.08      0.00     52.35
                all      0.06      0.00     48.00      0.08      0.00     51.85
                all      0.55      0.00     45.74      0.05      0.00     53.66
                all      0.02      0.00     46.28      0.00      0.00     53.70
                all      0.79      0.00     16.61      0.03      0.00     82.57
end------
                all      0.05      0.00      0.21      0.02      0.00     99.72
                all      0.13      0.00      0.45      0.00      0.00     99.43
                all      0.13      0.00      0.47      0.00      0.00     99.39
start----
                all      0.14      0.00      0.46      0.01      0.00     99.39
                all      2.07      0.00     29.70      0.09      0.00     68.14
                all      0.06      0.00     47.55      0.05      0.00     52.35
                all      0.51      0.00     45.69      0.09      0.00     53.71
                all      0.04      0.00     46.44      0.12      0.00     53.40
                all      1.75      0.00     41.94      0.02      0.00     56.29
                all      0.07      0.00      0.15      0.01      0.00     99.76
end------
                all      0.09      0.00      0.32      0.00      0.00     99.58
                all      0.14      0.00      0.48      0.02      0.00     99.36
                all      0.14      0.00      0.44      0.00      0.00     99.42
start----
                all      0.97      0.00      6.04      0.08      0.00     92.90
                all      1.35      0.00     44.71      0.04      0.00     53.89
                all      0.12      0.00     47.87      0.03      0.00     51.98
                all      0.71      0.00     46.25      0.03      0.00     53.00
                all      0.05      0.00     46.54      0.04      0.00     53.37
                all      0.90      0.00     26.18      0.19      0.00     72.73
end------
                all      0.03      0.00      0.10      0.01      0.00     99.86
                all      0.14      0.00      0.44      0.00      0.00     99.42
                all      0.14      0.00      0.45      0.00      0.00     99.41
                all      0.14      0.00      0.49      0.01      0.00     99.35
start----
                all      2.28      0.00     14.05      0.06      0.00     83.60
                all      0.05      0.00     47.32      0.01      0.00     52.62
                all      0.10      0.00     47.95      0.05      0.00     51.90
                all      0.27      0.00     48.25      0.04      0.00     51.44
                all      0.08      0.00     48.06      0.04      0.00     51.81
                all      0.57      0.00     46.10      0.16      0.00     53.17
                all      0.08      0.00     46.58      0.17      0.00     53.17
                all      0.02      0.00     46.29      0.00      0.00     53.69
                all      0.02      0.00     46.20      0.00      0.00     53.78
                all      1.01      0.00     31.02      0.00      0.00     67.98
                all      0.06      0.00      0.16      0.01      0.00     99.76
end------
                all      0.10      0.00      0.38      0.00      0.00     99.52
                all      0.14      0.00      0.45      0.00      0.00     99.41
                all      0.14      0.00      0.49      0.01      0.00     99.35
start----
                all      0.41      0.00      3.67      0.10      0.00     95.82
                all      1.79      0.00     41.03      0.03      0.00     57.15
                all      0.04      0.00     47.55      0.01      0.00     52.41
                all      0.05      0.00     47.79      0.03      0.00     52.13
                all      0.06      0.00     47.85      0.04      0.00     52.05
                all      0.61      0.00     46.34      0.04      0.00     53.01
                all      0.02      0.00     46.23      0.00      0.00     53.75
                all      0.02      0.00     46.27      0.00      0.00     53.71
                all      0.03      0.00     46.22      0.00      0.00     53.75
                all      0.95      0.00     42.88      0.00      0.00     56.17
                all      0.06      0.00      0.14      0.02      0.00     99.79
end------
                all      0.10      0.00      0.30      0.00      0.00     99.60
                all      0.15      0.00      0.42      0.00      0.00     99.42
                all      0.13      0.00      0.51      0.02      0.00     99.34
start----
                all      0.80      0.00      4.28      0.06      0.00     94.86
                all      1.48      0.00     44.04      0.01      0.00     54.46
                all      0.15      0.00     47.79      0.06      0.00     52.01
                all      0.08      0.00     47.98      0.04      0.00     51.90
                all      0.06      0.00     47.96      0.06      0.00     51.93
                all      0.56      0.00     45.14      0.14      0.00     54.16
                all      0.04      0.00     46.38      0.14      0.00     53.44
                all      0.02      0.00     46.26      0.02      0.00     53.71
                all      0.02      0.00     46.21      0.00      0.00     53.78
                all      2.12      0.00     40.11      0.00      0.00     57.77
                all      0.07      0.00      0.13      0.01      0.00     99.79
end------
                all      0.08      0.00      0.28      0.00      0.00     99.64
                all      0.13      0.00      0.45      0.00      0.00     99.42
                all      0.29      0.00      0.56      0.02      0.00     99.13
start----
                all      0.29      0.00      1.69      0.14      0.00     97.88
                all     11.07      0.00     48.86      0.15      0.00     39.92
                all      5.63      0.00     79.96      0.01      0.00     14.41
                all      6.29      0.00     71.00      0.11      0.00     22.60
                all      0.07      0.00      0.98      0.02      0.00     98.93
end------
                all      0.07      0.00      0.22      0.00      0.00     99.71
                all      0.14      0.00      0.44      0.00      0.00     99.41
                all      0.23      0.00      0.60      0.03      0.00     99.14
start----
                all      0.20      0.00      0.68      0.01      0.00     99.11
                all      8.79      0.00     50.88      0.38      0.00     39.94
                all      9.43      0.00     71.44      0.10      0.00     19.04
                all      5.87      0.00     77.37      0.00      0.00     16.76
                all      0.09      0.00      4.60      0.06      0.00     95.24
end------
                all      0.08      0.00      0.23      0.04      0.00     99.66
                all      0.24      0.00      0.74      0.01      0.00     99.01
                all      0.17      0.00      0.56      0.07      0.00     99.21
                all      0.15      0.00      0.42      0.00      0.00     99.42
start----
                all      5.46      0.00     18.30      0.07      0.00     76.17
                all      9.71      0.00     68.89      0.14      0.00     21.25
                all      5.96      0.00     81.19      0.00      0.00     12.85
                all      4.42      0.00     27.18      0.02      0.00     68.39
end------
                all      0.01      0.00      0.16      0.09      0.00     99.74
                all      0.16      0.00      0.61      0.05      0.00     99.18
                all      0.13      0.00      0.45      0.00      0.00     99.42
                all      0.17      0.00      0.51      0.00      0.00     99.33
start----
                all      0.98      0.00      9.83      0.04      0.00     89.16
                all     14.88      0.00     49.20      0.08      0.00     35.85
                all      0.54      0.00     87.73      0.18      0.00     11.54
                all      5.41      0.00     82.04      0.18      0.00     12.37
                all      3.77      0.00     84.44      0.08      0.00     11.70
                all      5.96      0.00     26.47      0.00      0.00     67.57
end------
                all      0.01      0.00      0.13      0.01      0.00     99.86
                all      0.13      0.00      0.45      0.00      0.00     99.41
                all      0.25      0.00      0.59      0.02      0.00     99.14
                all      0.18      0.00      0.67      0.01      0.00     99.13
start----
                all      1.01      0.00     12.32      0.11      0.00     86.56
                all     10.61      0.00     61.55      0.15      0.00     27.69
                all      0.14      0.00     87.28      0.00      0.00     12.59
                all      5.26      0.00     81.36      0.05      0.00     13.33
                all      5.58      0.00     80.64      0.40      0.00     13.38
                all      0.15      0.00      6.73      0.03      0.00     93.09
end------
                all      0.04      0.00      0.10      0.01      0.00     99.85
                all      0.16      0.00      0.49      0.01      0.00     99.34
                all      0.27      0.00      0.74      0.02      0.00     98.98
                all      0.16      0.00      0.58      0.06      0.00     99.20
start----
                all      3.42      0.00     26.31      0.17      0.00     70.09
                all     10.10      0.00     71.80      0.03      0.00     18.06
                all      5.51      0.00     83.22      0.10      0.00     11.17
                all      0.08      0.00     85.89      0.19      0.00     13.84
                all      5.40      0.00     63.89      0.02      0.00     30.69
                all      0.13      0.00      0.24      0.09      0.00     99.54
end------
                all      0.08      0.00      0.36      0.07      0.00     99.49
                all      0.14      0.00      0.44      0.00      0.00     99.42
                all      0.15      0.00      0.42      0.00      0.00     99.43
start----
                all      0.14      0.00      0.41      0.00      0.00     99.45
                all      6.91      0.00     37.82      0.15      0.00     55.13
                all     14.20      0.00     70.62      0.17      0.00     15.01
                all      0.21      0.00     88.20      0.25      0.00     11.34
                all      0.17      0.00     88.47      0.16      0.00     11.19
                all      5.03      0.00     78.25      0.00      0.00     16.72
                all      0.04      0.00     87.43      0.00      0.00     12.53
                all      0.04      0.00     87.29      0.00      0.00     12.67
                all      6.83      0.00     59.76      0.00      0.00     33.41
                all      0.27      0.00      0.44      0.11      0.00     99.18
end------
                all      0.10      0.00      0.35      0.01      0.00     99.54
                all      0.15      0.00      0.54      0.06      0.00     99.25
                all      0.15      0.00      0.42      0.00      0.00     99.43
start----
                all      0.13      0.00      0.41      0.00      0.00     99.46
                all      4.39      0.00     39.10      0.13      0.00     56.38
                all     10.02      0.00     72.59      0.20      0.00     17.19
                all      0.72      0.00     88.22      0.02      0.00     11.04
                all      0.11      0.00     87.78      0.00      0.00     12.10
                all      8.38      0.00     77.45      0.00      0.00     14.17
                all      0.04      0.00     87.35      0.00      0.00     12.61
                all      0.05      0.00     87.21      0.00      0.00     12.73
                all      6.15      0.00     56.10      0.00      0.00     37.74
                all      0.28      0.00      0.41      0.13      0.00     99.18
end------
                all      0.10      0.00      0.39      0.01      0.00     99.51
                all      0.16      0.00      0.54      0.06      0.00     99.24
                all      0.13      0.00      0.45      0.00      0.00     99.42
start----
                all      0.14      0.00      0.40      0.00      0.00     99.46
                all      4.13      0.00     43.19      0.36      0.00     52.31
                all     11.40      0.00     70.97      0.68      0.00     16.95
                all      0.70      0.00     88.09      0.03      0.00     11.19
                all      0.15      0.00     88.49      0.01      0.00     11.35
                all      5.32      0.00     81.61      0.00      0.00     13.08
                all      0.05      0.00     87.37      0.00      0.00     12.58
                all      0.04      0.00     87.47      0.00      0.00     12.50
                all      5.23      0.00     61.31      0.00      0.00     33.46
                all      0.47      0.00      0.46      0.13      0.00     98.94
end------
                all      0.03      0.00      0.12      0.03      0.00     99.82
                all      0.15      0.00      0.61      0.06      0.00     99.18
                all      0.13      0.00      0.44      0.00      0.00     99.43
                all      0.14      0.00      0.43      0.00      0.00     99.44
start----
                all      2.52      0.00     16.60      0.17      0.00     80.71
                all      9.53      0.00     70.44      0.15      0.00     19.88
                all      0.15      0.00     87.81      0.20      0.00     11.84
                all      0.20      0.00     88.44      0.12      0.00     11.24
                all      0.63      0.00     88.56      0.10      0.00     10.72
                all      0.24      0.00     89.06      0.21      0.00     10.49
                all      0.15      0.00     88.49      0.00      0.00     11.36
                all      3.25      0.00     86.16      0.00      0.00     10.59
                all      2.96      0.00     80.24      0.00      0.00     16.80
                all      0.05      0.00     87.31      0.00      0.00     12.64
                all      0.05      0.00     87.22      0.00      0.00     12.73
                all      0.12      0.00     87.46      0.00      0.00     12.43
                all      0.19      0.00     87.96      0.01      0.00     11.85
                all      3.91      0.00     85.34      0.01      0.00     10.74
                all      3.52      0.00     27.15      0.00      0.00     69.33
                all      0.08      0.00      0.24      0.16      0.00     99.52
end------
                all      0.10      0.00      0.35      0.00      0.00     99.55
                all      0.14      0.00      0.43      0.00      0.00     99.43
                all      0.14      0.00      0.44      0.00      0.00     99.42
start----
                all      0.32      0.00      1.52      0.07      0.00     98.09
                all     10.02      0.00     47.07      0.12      0.00     42.80
                all      0.37      0.00     86.75      0.37      0.00     12.52
                all      0.10      0.00     88.00      0.38      0.00     11.52
                all      0.12      0.00     88.49      0.38      0.00     11.01
                all      0.12      0.00     88.48      0.38      0.00     11.02
                all      0.13      0.00     88.64      0.31      0.00     10.92
                all      0.16      0.00     88.89      0.00      0.00     10.96
                all      5.16      0.00     81.29      0.00      0.00     13.55
                all      0.05      0.00     87.43      0.00      0.00     12.52
                all      0.07      0.00     87.28      0.00      0.00     12.65
                all      0.12      0.00     87.55      0.00      0.00     12.33
                all      0.18      0.00     88.16      0.01      0.00     11.65
                all      0.62      0.00     88.01      0.01      0.00     11.36
                all      5.40      0.00     62.24      0.00      0.00     32.36
                all      0.16      0.00      0.25      0.03      0.00     99.56
end------
                all      0.04      0.00      0.16      0.00      0.00     99.80
                all      0.13      0.00      0.45      0.00      0.00     99.41
                all      0.23      0.00      0.57      0.03      0.00     99.17
                all      0.17      0.00      0.48      0.01      0.00     99.34
start----
                all      4.49      0.00     31.13      0.16      0.00     64.22
                all      9.06      0.00     75.91      0.23      0.00     14.81
                all      0.10      0.00     87.66      0.08      0.00     12.17
                all      0.09      0.00     88.20      0.00      0.00     11.71
                all      0.11      0.00     88.21      0.00      0.00     11.68
                all      0.19      0.00     88.52      0.00      0.00     11.29
                all      0.14      0.00     88.59      0.12      0.00     11.15
                all      5.25      0.00     82.15      0.12      0.00     12.47
                all      0.04      0.00     87.42      0.04      0.00     12.50
                all      0.05      0.00     87.28      0.11      0.00     12.56
                all      0.06      0.00     87.42      0.11      0.00     12.41
                all      0.09      0.00     87.56      0.03      0.00     12.33
                all      0.23      0.00     87.98      0.01      0.00     11.78
                all      6.12      0.00     81.85      0.01      0.00     12.02
                all      0.34      0.00      8.11      0.00      0.00     91.55
                all      0.01      0.00      0.13      0.03      0.00     99.83
end------
                all      0.12      0.00      0.44      0.01      0.00     99.42
                all      0.14      0.00      0.45      0.00      0.00     99.40
                all      0.13      0.00      0.45      0.00      0.00     99.42
End of data collecting unexpected
