
Linux 5.2.8200225+ (knl03.kisti.re.kr) 	2020년 04월 06일 	_x86_64_	(272 CPU)

                CPU     %user     %nice   %system   %iowait    %steal     %idle
                all      0.03      0.00      0.10      0.00      0.00     99.87
                all      0.03      0.00      0.08      0.15      0.00     99.74
                all      0.01      0.00      0.07      0.37      0.00     99.55
                all      0.02      0.00      0.07      0.37      0.00     99.54
                all      0.01      0.00      0.08      0.02      0.00     99.89
                all      0.02      0.00      0.15      0.25      0.00     99.59
                all      0.03      0.00      0.09      0.03      0.00     99.85
                all      0.03      0.00      0.12      0.08      0.00     99.77
                all      0.09      0.00      0.33      0.00      0.00     99.58
                all      0.01      0.00      0.07      0.00      0.00     99.91
                all      0.01      0.00      0.07      0.00      0.00     99.91
                all      0.01      0.00      0.07      0.00      0.00     99.92
start----
                all      0.08      0.00      1.63      0.02      0.00     98.27
                all      0.26      0.00      1.98      0.00      0.00     97.76
end------
                all      0.02      0.00      0.09      0.00      0.00     99.89
                all      0.13      0.00      0.44      0.00      0.00     99.43
                all      0.13      0.00      0.46      0.07      0.00     99.35
                all      0.12      0.00      0.45      0.00      0.00     99.43
start----
                all      0.09      0.00      2.25      0.01      0.00     97.64
                all      0.04      0.00      1.21      0.01      0.00     98.74
end------
                all      0.04      0.00      0.21      0.00      0.00     99.74
                all      0.12      0.00      0.46      0.00      0.00     99.42
                all      0.11      0.00      0.45      0.07      0.00     99.37
start----
                all      0.14      0.00      0.53      0.02      0.00     99.31
                all      0.03      0.00      3.00      0.00      0.00     96.97
                all      0.04      0.00      0.26      0.00      0.00     99.70
end------
                all      0.09      0.00      0.35      0.00      0.00     99.55
                all      0.11      0.00      0.46      0.00      0.00     99.43
                all      0.11      0.00      0.47      0.00      0.00     99.42
start----
                all      0.11      0.00      1.28      0.01      0.00     98.59
                all      0.03      0.00      3.01      0.00      0.00     96.96
                all      0.07      0.00      2.63      0.00      0.00     97.30
end------
                all      0.01      0.00      0.05      0.00      0.00     99.94
                all      0.11      0.00      0.46      0.00      0.00     99.43
                all      0.11      0.00      0.46      0.00      0.00     99.42
                all      0.12      0.00      0.45      0.00      0.00     99.43
start----
                all      0.10      0.00      1.83      0.03      0.00     98.04
                all      0.03      0.00      3.01      0.00      0.00     96.96
                all      0.07      0.00      1.94      0.00      0.00     97.99
end------
                all      0.02      0.00      0.13      0.00      0.00     99.85
                all      0.11      0.00      0.46      0.00      0.00     99.42
                all      0.11      0.00      0.46      0.07      0.00     99.35
start----
                all      0.10      0.00      0.43      0.00      0.00     99.47
                all      0.09      0.00      2.49      0.02      0.00     97.40
                all      0.50      0.00      2.53      0.00      0.00     96.97
                all      0.05      0.00      1.94      0.00      0.00     98.00
end------
                all      0.01      0.00      0.05      0.00      0.00     99.94
                all      0.12      0.00      0.45      0.00      0.00     99.43
                all      0.12      0.00      0.49      0.01      0.00     99.37
                all      0.13      0.00      0.50      0.00      0.00     99.37
start----
                all      0.09      0.00      1.99      0.02      0.00     97.90
                all      0.04      0.00      2.99      0.00      0.00     96.97
                all      0.03      0.00      3.58      0.00      0.00     96.40
                all      0.06      0.00      3.23      0.00      0.00     96.71
                all      0.09      0.00      2.65      0.00      0.00     97.25
                all      0.02      0.00      0.08      0.01      0.00     99.89
end------
                all      0.09      0.00      0.37      0.00      0.00     99.54
                all      0.11      0.00      0.46      0.00      0.00     99.43
                all      0.12      0.00      0.45      0.06      0.00     99.36
start----
                all      0.12      0.00      1.30      0.01      0.00     98.57
                all      0.04      0.00      3.01      0.00      0.00     96.96
                all      0.03      0.00      3.40      0.00      0.00     96.57
                all      0.05      0.00      3.38      0.00      0.00     96.57
                all      0.01      0.00      3.02      0.00      0.00     96.97
                all      0.10      0.00      0.35      0.00      0.00     99.55
end------
                all      0.06      0.00      0.26      0.00      0.00     99.68
                all      0.12      0.00      0.46      0.00      0.00     99.42
                all      0.13      0.00      0.45      0.00      0.00     99.43
start----
                all      0.13      0.00      0.68      0.02      0.00     99.17
                all      0.03      0.00      3.00      0.00      0.00     96.97
                all      0.03      0.00      3.25      0.00      0.00     96.72
                all      0.07      0.00      3.41      0.00      0.00     96.52
                all      0.01      0.00      3.04      0.00      0.00     96.95
                all      0.16      0.00      1.04      0.00      0.00     98.80
end------
                all      0.06      0.00      0.23      0.00      0.00     99.71
                all      0.12      0.00      0.45      0.00      0.00     99.43
                all      0.11      0.00      0.47      0.00      0.00     99.42
start----
                all      0.15      0.00      0.58      0.03      0.00     99.25
                all      0.03      0.00      3.00      0.00      0.00     96.96
                all      0.03      0.00      3.19      0.00      0.00     96.78
                all      0.03      0.00      3.54      0.00      0.00     96.43
                all      0.03      0.00      3.50      0.00      0.00     96.47
                all      0.02      0.00      3.54      0.00      0.00     96.43
                all      0.03      0.00      2.74      0.83      0.00     96.40
                all      0.09      0.00      2.34      1.03      0.00     96.55
                all      0.01      0.00      3.02      0.00      0.00     96.97
                all      0.02      0.00      3.03      0.00      0.00     96.95
                all      0.21      0.00      1.87      0.00      0.00     97.92
end------
                all      0.03      0.00      0.13      0.00      0.00     99.84
                all      0.11      0.00      0.46      0.00      0.00     99.42
                all      0.10      0.00      0.47      0.00      0.00     99.43
start----
                all      0.11      0.00      0.44      0.00      0.00     99.45
                all      0.08      0.00      2.39      0.02      0.00     97.51
                all      0.03      0.00      3.04      0.00      0.00     96.94
                all      0.03      0.00      3.56      0.00      0.00     96.41
                all      0.03      0.00      3.59      0.00      0.00     96.38
                all      0.04      0.00      3.63      0.00      0.00     96.33
                all      0.03      0.00      3.05      0.49      0.00     96.42
                all      0.03      0.00      1.79      1.66      0.00     96.52
                all      0.19      0.00      2.75      0.24      0.00     96.83
                all      0.01      0.00      3.02      0.00      0.00     96.97
                all      0.01      0.00      3.03      0.00      0.00     96.96
                all      0.50      0.00      0.52      0.00      0.00     98.98
end------
                all      0.04      0.00      0.19      0.00      0.00     99.77
                all      0.11      0.00      0.45      0.00      0.00     99.43
                all      0.12      0.00      0.46      0.07      0.00     99.35
start----
                all      0.11      0.00      0.41      0.01      0.00     99.47
                all      0.07      0.00      2.88      0.01      0.00     97.03
                all      0.03      0.00      3.11      0.00      0.00     96.87
                all      0.06      0.00      3.62      0.00      0.00     96.32
                all      0.03      0.00      3.57      0.00      0.00     96.40
                all      0.03      0.00      3.50      0.00      0.00     96.46
                all      0.03      0.00      2.91      0.63      0.00     96.43
                all      0.17      0.00      2.24      1.13      0.00     96.47
                all      0.01      0.00      3.11      0.00      0.00     96.88
                all      0.01      0.00      3.02      0.00      0.00     96.96
                all      0.54      0.00      2.26      0.00      0.00     97.20
end------
                all      0.00      0.00      0.04      0.00      0.00     99.95
                all      0.10      0.00      0.45      0.00      0.00     99.45
                all      0.11      0.00      0.46      0.00      0.00     99.43
                all      0.12      0.00      0.45      0.00      0.00     99.43
start----
                all      0.15      0.00      3.15      0.02      0.00     96.68
                all      0.13      0.00      2.61      0.00      0.00     97.26
end------
                all      0.05      0.00      0.20      0.00      0.00     99.75
                all      0.12      0.00      0.45      0.00      0.00     99.44
                all      0.13      0.00      0.44      0.00      0.00     99.42
start----
                all      0.11      0.00      0.55      0.01      0.00     99.33
                all      0.15      0.00      5.37      0.01      0.00     94.47
end------
                all      0.01      0.00      0.05      0.00      0.00     99.94
                all      0.10      0.00      0.43      0.00      0.00     99.47
                all      0.11      0.00      0.46      0.00      0.00     99.42
                all      0.12      0.00      0.44      0.00      0.00     99.44
start----
                all      0.16      0.00      3.19      0.03      0.00     96.63
                all      0.07      0.00      2.54      0.00      0.00     97.40
end------
                all      0.06      0.00      0.21      0.00      0.00     99.74
                all      0.11      0.00      0.45      0.00      0.00     99.44
                all      0.12      0.00      0.46      0.06      0.00     99.36
start----
                all      0.12      0.00      0.59      0.02      0.00     99.27
                all      0.11      0.00      5.77      0.00      0.00     94.13
                all      0.07      0.00      4.81      0.00      0.00     95.13
end------
                all      0.00      0.00      0.04      0.00      0.00     99.96
                all      0.10      0.00      0.46      0.00      0.00     99.44
                all      0.12      0.00      0.45      0.03      0.00     99.40
                all      0.11      0.00      0.45      0.00      0.00     99.44
start----
                all      0.17      0.00      3.68      0.02      0.00     96.13
                all      0.18      0.00      5.81      0.00      0.00     94.01
                all      0.05      0.00      1.56      0.00      0.00     98.38
end------
                all      0.07      0.00      0.29      0.00      0.00     99.64
                all      0.11      0.00      0.45      0.00      0.00     99.44
                all      0.13      0.00      0.45      0.00      0.00     99.43
start----
                all      0.17      0.00      1.39      0.03      0.00     98.41
                all      0.07      0.00      5.92      0.00      0.00     94.01
                all      0.05      0.00      3.81      0.00      0.00     96.14
end------
                all      0.03      0.00      0.11      0.00      0.00     99.86
                all      0.11      0.00      0.46      0.00      0.00     99.43
                all      0.11      0.00      0.46      0.00      0.00     99.43
start----
                all      0.11      0.00      0.43      0.00      0.00     99.46
                all      0.16      0.00      4.75      0.03      0.00     95.06
                all      0.06      0.00      6.24      0.00      0.00     93.69
                all      0.16      0.00      6.13      0.00      0.00     93.71
                all      0.52      0.00      5.18      0.00      0.00     94.30
end------
                all      0.07      0.00      0.12      0.01      0.00     99.80
                all      0.11      0.00      0.43      0.00      0.00     99.46
                all      0.12      0.00      0.44      0.00      0.00     99.44
                all      0.11      0.00      0.46      0.00      0.00     99.43
start----
                all      0.14      0.00      3.25      0.02      0.00     96.59
                all      0.04      0.00      6.08      0.00      0.00     93.88
                all      0.13      0.00      6.18      0.00      0.00     93.69
                all      0.02      0.00      6.02      0.00      0.00     93.97
                all      0.42      0.00      0.87      0.23      0.00     98.48
end------
                all      0.04      0.00      0.21      0.00      0.00     99.75
                all      0.11      0.00      0.46      0.00      0.00     99.43
                all      0.11      0.00      0.45      0.00      0.00     99.44
start----
                all      0.09      0.00      0.41      0.00      0.00     99.50
                all      0.17      0.00      5.58      0.02      0.00     94.23
                all      0.04      0.00      6.24      0.00      0.00     93.71
                all      0.63      0.00      5.61      0.00      0.00     93.76
                all      0.23      0.00      4.89      0.00      0.00     94.88
                all      0.03      0.00      0.08      0.01      0.00     99.89
end------
                all      0.09      0.00      0.37      0.00      0.00     99.54
                all      0.11      0.00      0.45      0.00      0.00     99.44
                all      0.11      0.00      0.46      0.08      0.00     99.36
start----
                all      0.16      0.00      2.37      0.02      0.00     97.45
                all      0.05      0.00      6.00      0.00      0.00     93.95
                all      0.03      0.00      6.53      0.00      0.00     93.44
                all      0.03      0.00      6.57      0.00      0.00     93.40
                all      0.04      0.00      3.61      2.88      0.00     93.48
                all      0.57      0.00      3.45      2.25      0.00     93.73
                all      0.02      0.00      6.02      0.00      0.00     93.96
                all      0.01      0.00      5.98      0.00      0.00     94.01
                all      0.38      0.00      4.45      0.01      0.00     95.16
end------
                all      0.01      0.00      0.06      0.00      0.00     99.92
                all      0.11      0.00      0.45      0.00      0.00     99.43
                all      0.12      0.00      0.45      0.00      0.00     99.43
                all      0.11      0.00      0.46      0.00      0.00     99.44
start----
                all      0.15      0.00      3.74      0.02      0.00     96.10
                all      0.04      0.00      6.10      0.00      0.00     93.86
                all      0.03      0.00      6.53      0.00      0.00     93.43
                all      0.04      0.00      6.39      0.12      0.00     93.45
                all      0.03      0.00      2.72      3.57      0.00     93.68
                all      1.48      0.00      4.02      0.84      0.00     93.65
                all      0.02      0.00      6.00      0.00      0.00     93.98
                all      0.02      0.00      5.97      0.00      0.00     94.01
                all      0.41      0.00      3.88      0.00      0.00     95.71
end------
                all      0.01      0.00      0.04      0.00      0.00     99.95
                all      0.12      0.00      0.44      0.00      0.00     99.45
                all      0.12      0.00      0.46      0.00      0.00     99.42
                all      0.10      0.00      0.46      0.00      0.00     99.44
start----
                all      0.17      0.00      3.23      0.03      0.00     96.57
                all      0.04      0.00      6.07      0.00      0.00     93.89
                all      0.04      0.00      6.48      0.00      0.00     93.48
                all      0.04      0.00      6.56      0.00      0.00     93.40
                all      0.03      0.00      3.14      3.29      0.00     93.54
                all      0.61      0.00      4.52      1.05      0.00     93.82
                all      0.01      0.00      5.97      0.00      0.00     94.02
                all      0.01      0.00      5.97      0.00      0.00     94.01
                all      0.42      0.00      2.97      0.00      0.00     96.60
end------
                all      0.01      0.00      0.07      0.00      0.00     99.91
                all      0.12      0.00      0.47      0.00      0.00     99.41
                all      0.10      0.00      0.47      0.00      0.00     99.42
                all      0.11      0.00      0.45      0.00      0.00     99.43
start----
                all      0.34      0.00      7.84      0.02      0.00     91.80
                all      0.05      0.00      3.29      0.00      0.00     96.65
end------
                all      0.07      0.00      0.29      0.00      0.00     99.64
                all      0.11      0.00      0.46      0.00      0.00     99.43
                all      0.11      0.00      0.45      0.00      0.00     99.44
start----
                all      0.31      0.00      1.99      0.03      0.00     97.67
                all      0.13      0.00      9.45      0.00      0.00     90.42
end------
                all      0.00      0.00      0.04      0.00      0.00     99.96
                all      0.13      0.00      0.46      0.00      0.00     99.41
                all      0.13      0.00      0.52      0.00      0.00     99.35
                all      0.12      0.00      0.45      0.00      0.00     99.43
start----
                all      0.36      0.00      7.18      0.03      0.00     92.44
                all      0.07      0.00      4.07      0.00      0.00     95.86
end------
                all      0.06      0.00      0.27      0.00      0.00     99.67
                all      0.11      0.00      0.45      0.00      0.00     99.44
                all      0.12      0.00      0.46      0.00      0.00     99.42
start----
                all      0.16      0.00      0.89      0.01      0.00     98.94
                all      0.24      0.00     11.49      0.00      0.00     88.27
                all      0.09      0.00      9.21      0.00      0.00     90.70
end------
                all      0.01      0.00      0.04      0.00      0.00     99.95
                all      0.11      0.00      0.45      0.00      0.00     99.44
                all      0.12      0.00      0.44      0.00      0.00     99.43
                all      0.12      0.00      0.45      0.00      0.00     99.43
start----
                all      0.29      0.00      7.41      0.02      0.00     92.28
                all      0.10      0.00     11.79      0.00      0.00     88.11
                all      0.06      0.00      2.27      0.00      0.00     97.67
end------
                all      0.07      0.00      0.29      0.00      0.00     99.63
                all      0.11      0.00      0.46      0.00      0.00     99.43
                all      0.12      0.00      0.45      0.00      0.00     99.43
start----
                all      0.30      0.00      2.77      0.03      0.00     96.91
                all      0.13      0.00     11.76      0.00      0.00     88.12
                all      0.08      0.00      7.06      0.00      0.00     92.86
end------
                all      0.02      0.00      0.12      0.00      0.00     99.86
                all      0.11      0.00      0.44      0.00      0.00     99.44
                all      0.11      0.00      0.46      0.07      0.00     99.36
start----
                all      0.12      0.00      0.42      0.00      0.00     99.45
                all      0.27      0.00      9.59      0.02      0.00     90.12
                all      0.04      0.00     12.20      0.00      0.00     87.76
                all      0.20      0.00     11.89      0.01      0.00     87.90
                all      0.21      0.00      9.34      0.00      0.00     90.44
                all      0.02      0.00      0.07      0.00      0.00     99.91
end------
                all      0.10      0.00      0.40      0.00      0.00     99.51
                all      0.12      0.00      0.44      0.00      0.00     99.44
                all      0.10      0.00      0.46      0.00      0.00     99.43
start----
                all      0.29      0.00      4.98      0.02      0.00     94.71
                all      0.05      0.00     11.96      0.00      0.00     87.99
                all      0.20      0.00     12.13      0.00      0.00     87.68
                all      0.02      0.00     11.88      0.00      0.00     88.10
                all      0.25      0.00      2.31      0.00      0.00     97.44
end------
                all      0.07      0.00      0.32      0.00      0.00     99.61
                all      0.13      0.00      0.44      0.00      0.00     99.44
                all      0.11      0.00      0.46      0.00      0.00     99.43
start----
                all      0.28      0.00      2.64      0.02      0.00     97.05
                all      0.04      0.00     11.86      0.00      0.00     88.09
                all      0.16      0.00     12.21      0.01      0.00     87.62
                all      0.02      0.00     11.92      0.00      0.00     88.07
                all      0.25      0.00      4.65      0.00      0.00     95.10
end------
                all      0.06      0.00      0.23      0.00      0.00     99.71
                all      0.11      0.00      0.45      0.00      0.00     99.44
                all      0.21      0.00      0.58      0.01      0.00     99.20
start----
                all      0.20      0.00      0.83      0.02      0.00     98.94
                all      0.17      0.00     11.64      0.00      0.00     88.20
                all      0.03      0.00     12.34      0.00      0.00     87.62
                all      0.04      0.00     12.40      0.00      0.00     87.56
                all      0.04      0.00     12.44      0.00      0.00     87.51
                all      1.53      0.00     10.49      0.05      0.00     87.93
                all      0.02      0.00     11.88      0.00      0.00     88.11
                all      0.01      0.00     11.87      0.00      0.00     88.11
                all      0.25      0.00      3.97      0.00      0.00     95.78
end------
                all      0.06      0.00      0.25      0.00      0.00     99.69
                all      0.12      0.00      0.45      0.00      0.00     99.43
                all      0.11      0.00      0.45      0.00      0.00     99.43
start----
                all      0.11      0.00      0.41      0.00      0.00     99.48
                all      0.25      0.00     10.17      0.03      0.00     89.55
                all      0.05      0.00     12.21      0.00      0.00     87.74
                all      0.04      0.00     12.44      0.00      0.00     87.52
                all      0.03      0.00     12.43      0.00      0.00     87.53
                all      0.85      0.00     11.25      0.02      0.00     87.88
                all      0.01      0.00     11.88      0.00      0.00     88.10
                all      0.02      0.00     11.87      0.00      0.00     88.11
                all      0.32      0.00      4.85      0.00      0.00     94.83
end------
                all      0.04      0.00      0.15      0.00      0.00     99.81
                all      0.12      0.00      0.44      0.00      0.00     99.44
                all      0.12      0.00      0.45      0.00      0.00     99.43
start----
                all      0.11      0.00      0.41      0.00      0.00     99.48
                all      0.28      0.00      9.33      0.03      0.00     90.36
                all      0.04      0.00     12.19      0.00      0.00     87.77
                all      0.04      0.00     12.44      0.00      0.00     87.51
                all      0.04      0.00     12.40      0.00      0.00     87.56
                all      0.88      0.00     11.19      0.03      0.00     87.89
                all      0.02      0.00     11.87      0.00      0.00     88.11
                all      0.01      0.00     11.88      0.00      0.00     88.11
                all      0.23      0.00      5.88      0.00      0.00     93.88
end------
                all      0.01      0.00      0.06      0.00      0.00     99.93
                all      0.12      0.00      0.45      0.00      0.00     99.43
                all      0.12      0.00      0.46      0.06      0.00     99.35
                all      0.13      0.00      0.44      0.00      0.00     99.43
start----
                all      0.77      0.00     14.60      0.06      0.00     84.57
                all      0.15      0.00      8.01      0.00      0.00     91.85
end------
                all      0.06      0.00      0.23      0.00      0.00     99.71
                all      0.14      0.00      0.43      0.00      0.00     99.42
                all      0.12      0.00      0.44      0.06      0.00     99.37
start----
                all      0.21      0.00      1.35      0.03      0.00     98.41
                all      0.71      0.00     21.30      0.01      0.00     77.98
                all      0.02      0.00      0.07      0.00      0.00     99.91
end------
                all      0.11      0.00      0.40      0.00      0.00     99.49
                all      0.13      0.00      0.44      0.00      0.00     99.44
                all      0.13      0.00      0.44      0.00      0.00     99.43
start----
                all      0.69      0.00      8.56      0.05      0.00     90.70
                all      0.27      0.00     13.92      0.00      0.00     85.81
end------
                all      0.03      0.00      0.11      0.00      0.00     99.86
                all      0.11      0.00      0.46      0.00      0.00     99.43
                all      0.13      0.00      0.44      0.06      0.00     99.37
start----
                all      0.12      0.00      0.42      0.00      0.00     99.46
                all      0.67      0.00     17.13      0.03      0.00     82.17
                all      0.16      0.00     23.55      0.00      0.00     76.28
                all      0.12      0.00      1.54      0.00      0.00     98.34
end------
                all      0.11      0.00      0.34      0.00      0.00     99.55
                all      0.12      0.00      0.45      0.00      0.00     99.43
                all      0.13      0.00      0.44      0.00      0.00     99.43
start----
                all      0.68      0.00      6.55      0.05      0.00     92.73
                all      0.18      0.00     23.50      0.00      0.00     76.32
                all      0.15      0.00     12.58      0.00      0.00     87.27
end------
                all      0.03      0.00      0.15      0.00      0.00     99.82
                all      0.13      0.00      0.44      0.00      0.00     99.44
                all      0.12      0.00      0.46      0.00      0.00     99.42
start----
                all      0.11      0.00      0.41      0.00      0.00     99.48
                all      0.65      0.00     18.90      0.09      0.00     80.36
                all      0.29      0.00     23.20      0.00      0.00     76.51
                all      0.04      0.00      0.24      0.01      0.00     99.71
end------
                all      0.09      0.00      0.39      0.00      0.00     99.52
                all      0.12      0.00      0.44      0.00      0.00     99.44
                all      0.13      0.00      0.44      0.00      0.00     99.44
start----
                all      0.65      0.00      7.99      0.03      0.00     91.33
                all      0.04      0.00     23.73      0.00      0.00     76.23
                all      0.47      0.00     23.60      0.00      0.00     75.93
                all      0.01      0.00     23.69      0.00      0.00     76.29
                all      0.18      0.00      5.31      0.00      0.00     94.51
end------
                all      0.07      0.00      0.28      0.00      0.00     99.65
                all      0.13      0.00      0.44      0.00      0.00     99.44
                all      0.13      0.00      0.44      0.07      0.00     99.36
start----
                all      0.60      0.00      2.40      0.05      0.00     96.94
                all      0.15      0.00     23.32      0.00      0.00     76.53
                all      0.46      0.00     23.60      0.00      0.00     75.94
                all      0.02      0.00     23.69      0.00      0.00     76.28
                all      0.23      0.00     11.79      0.00      0.00     87.97
end------
                all      0.04      0.00      0.17      0.00      0.00     99.79
                all      0.13      0.00      0.44      0.00      0.00     99.43
                all      0.12      0.00      0.44      0.00      0.00     99.44
start----
                all      0.11      0.00      0.39      0.00      0.00     99.49
                all      0.63      0.00     19.27      0.11      0.00     79.98
                all      0.04      0.00     24.02      0.00      0.00     75.94
                all      0.25      0.00     23.23      0.01      0.00     76.51
                all      0.50      0.00     17.52      0.00      0.00     81.98
end------
                all      0.01      0.00      0.05      0.00      0.00     99.94
                all      0.12      0.00      0.45      0.00      0.00     99.42
                all      0.14      0.00      0.42      0.07      0.00     99.37
                all      0.13      0.00      0.44      0.00      0.00     99.42
start----
                all      0.74      0.00     13.59      0.06      0.00     85.62
                all      0.03      0.00     23.86      0.00      0.00     76.11
                all      0.04      0.00     24.12      0.01      0.00     75.83
                all      0.04      0.00     24.11      0.00      0.00     75.85
                all      0.28      0.00     23.54      0.00      0.00     76.18
                all      0.01      0.00     23.70      0.00      0.00     76.29
                all      0.01      0.00     23.69      0.00      0.00     76.30
                all      0.48      0.00     11.35      0.00      0.00     88.16
end------
                all      0.02      0.00      0.07      0.00      0.00     99.91
                all      0.11      0.00      0.45      0.00      0.00     99.44
                all      0.13      0.00      0.44      0.07      0.00     99.36
                all      0.12      0.00      0.45      0.00      0.00     99.42
start----
                all      0.67      0.00     14.73      0.08      0.00     84.53
                all      0.04      0.00     23.87      0.00      0.00     76.09
                all      0.04      0.00     24.13      0.00      0.00     75.83
                all      0.04      0.00     24.11      0.00      0.00     75.85
                all      0.32      0.00     23.26      0.00      0.00     76.42
                all      0.02      0.00     23.70      0.00      0.00     76.28
                all      0.01      0.00     23.70      0.00      0.00     76.29
                all      0.70      0.00     11.23      0.00      0.00     88.07
end------
                all      0.04      0.00      0.14      0.00      0.00     99.83
                all      0.14      0.00      0.43      0.00      0.00     99.44
                all      0.13      0.00      0.44      0.00      0.00     99.43
start----
                all      0.12      0.00      0.39      0.00      0.00     99.49
                all      0.61      0.00     19.26      0.06      0.00     80.07
                all      0.04      0.00     23.96      0.00      0.00     75.99
                all      0.04      0.00     24.11      0.00      0.00     75.85
                all      0.04      0.00     24.12      0.00      0.00     75.84
                all      0.25      0.00     23.51      0.00      0.00     76.24
                all      0.01      0.00     23.69      0.00      0.00     76.30
                all      0.01      0.00     23.68      0.00      0.00     76.30
                all      0.45      0.00      5.67      0.01      0.00     93.88
end------
                all      0.05      0.00      0.21      0.00      0.00     99.74
                all      0.14      0.00      0.42      0.00      0.00     99.44
                all      0.12      0.00      0.45      0.07      0.00     99.36
start----
                all      0.12      0.00      0.38      0.00      0.00     99.49
                all      2.51      0.00     36.32      0.07      0.00     61.10
                all      0.56      0.00     24.71      0.00      0.00     74.73
end------
                all      0.02      0.00      0.09      0.00      0.00     99.89
                all      0.13      0.00      0.44      0.00      0.00     99.44
                all      0.13      0.00      0.44      0.06      0.00     99.36
start----
                all      0.13      0.00      0.41      0.00      0.00     99.45
                all      2.17      0.00     28.27      0.06      0.00     69.50
                all      0.96      0.00     32.78      0.00      0.00     66.26
end------
                all      0.00      0.00      0.03      0.00      0.00     99.96
                all      0.11      0.00      0.44      0.00      0.00     99.45
                all      0.13      0.00      0.44      0.05      0.00     99.38
                all      0.13      0.00      0.45      0.02      0.00     99.40
start----
                all      2.20      0.00     19.66      0.05      0.00     78.09
                all      0.91      0.00     41.58      0.00      0.00     57.50
                all      0.02      0.00      0.08      0.00      0.00     99.90
end------
                all      0.10      0.00      0.36      0.00      0.00     99.55
                all      0.14      0.00      0.43      0.00      0.00     99.43
                all      0.13      0.00      0.44      0.00      0.00     99.44
start----
                all      2.15      0.00     11.07      0.06      0.00     86.72
                all      0.05      0.00     47.25      0.00      0.00     52.70
                all      0.41      0.00     45.69      0.00      0.00     53.90
                all      0.55      0.00      6.47      0.00      0.00     92.97
end------
                all      0.06      0.00      0.20      0.00      0.00     99.74
                all      0.14      0.00      0.43      0.00      0.00     99.44
                all      0.12      0.00      0.44      0.00      0.00     99.44
start----
                all      0.15      0.00      1.13      0.13      0.00     98.59
                all      2.16      0.00     38.39      0.03      0.00     59.41
                all      0.46      0.00     46.18      0.00      0.00     53.36
                all      0.53      0.00     25.91      0.00      0.00     73.56
end------
                all      0.03      0.00      0.09      0.00      0.00     99.89
                all      0.14      0.00      0.42      0.00      0.00     99.44
                all      0.14      0.00      0.45      0.07      0.00     99.34
start----
                all      0.13      0.00      0.43      0.00      0.00     99.44
                all      2.13      0.00     26.90      0.20      0.00     70.77
                all      0.45      0.00     46.35      0.00      0.00     53.20
                all      0.57      0.00     37.36      0.00      0.00     62.07
                all      0.02      0.00      0.07      0.00      0.00     99.91
end------
                all      0.10      0.00      0.36      0.00      0.00     99.53
                all      0.15      0.00      0.42      0.00      0.00     99.43
                all      0.13      0.00      0.44      0.00      0.00     99.43
start----
                all      1.79      0.00      8.29      0.06      0.00     89.86
                all      0.11      0.00     46.49      0.00      0.00     53.40
                all      0.04      0.00     47.68      0.00      0.00     52.28
                all      0.72      0.00     45.82      0.00      0.00     53.46
                all      0.02      0.00     46.26      0.00      0.00     53.72
                all      0.63      0.00     17.76      0.00      0.00     81.60
end------
                all      0.04      0.00      0.17      0.00      0.00     99.79
                all      0.13      0.00      0.44      0.00      0.00     99.43
                all      0.13      0.00      0.43      0.00      0.00     99.44
start----
                all      0.13      0.00      0.39      0.00      0.00     99.48
                all      1.95      0.00     35.36      0.09      0.00     62.60
                all      0.04      0.00     47.45      0.00      0.00     52.51
                all      0.50      0.00     46.47      0.00      0.00     53.03
                all      0.02      0.00     46.26      0.00      0.00     53.72
                all      0.77      0.00     35.63      0.00      0.00     63.60
                all      0.03      0.00      0.06      0.00      0.00     99.91
end------
                all      0.13      0.00      0.45      0.00      0.00     99.41
                all      0.13      0.00      0.44      0.00      0.00     99.44
                all      0.13      0.00      0.44      0.00      0.00     99.43
start----
                all      2.14      0.00      8.73      0.09      0.00     89.05
                all      0.13      0.00     46.48      0.00      0.00     53.40
                all      0.05      0.00     47.68      0.00      0.00     52.27
                all      0.57      0.00     46.02      0.00      0.00     53.41
                all      0.02      0.00     46.25      0.00      0.00     53.73
                all      0.64      0.00     18.03      0.01      0.00     81.32
end------
                all      0.08      0.00      0.27      0.01      0.00     99.64
                all      0.22      0.00      0.53      0.01      0.00     99.24
                all      0.14      0.00      0.55      0.06      0.00     99.26
                all      0.13      0.00      0.46      0.01      0.00     99.40
start----
                all      2.04      0.00     26.32      0.08      0.00     71.56
                all      0.04      0.00     47.36      0.02      0.00     52.57
                all      0.06      0.00     47.97      0.06      0.00     51.91
                all      0.14      0.00     48.09      0.02      0.00     51.76
                all      0.04      0.00     47.83      0.00      0.00     52.13
                all      0.90      0.00     45.41      0.00      0.00     53.68
                all      0.02      0.00     46.28      0.00      0.00     53.70
                all      0.02      0.00     46.23      0.00      0.00     53.75
                all      0.01      0.00     46.22      0.00      0.00     53.77
                all      0.69      0.00     17.97      0.00      0.00     81.34
end------
                all      0.05      0.00      0.20      0.00      0.00     99.75
                all      0.13      0.00      0.44      0.00      0.00     99.44
                all      0.13      0.00      0.45      0.00      0.00     99.43
start----
                all      0.13      0.00      0.41      0.00      0.00     99.47
                all      2.20      0.00     29.48      0.08      0.00     68.24
                all      0.04      0.00     47.36      0.00      0.00     52.60
                all      0.04      0.00     47.83      0.00      0.00     52.13
                all      0.05      0.00     47.68      0.00      0.00     52.26
                all      0.04      0.00     47.72      0.00      0.00     52.24
                all      0.44      0.00     44.93      0.02      0.00     54.61
                all      0.02      0.00     46.27      0.00      0.00     53.72
                all      0.02      0.00     46.24      0.00      0.00     53.75
                all      0.23      0.00     46.05      0.00      0.00     53.72
                all      1.06      0.00     11.34      0.00      0.00     87.60
end------
                all      0.03      0.00      0.12      0.00      0.00     99.85
                all      0.14      0.00      0.43      0.00      0.00     99.43
                all      0.13      0.00      0.44      0.07      0.00     99.36
start----
                all      0.12      0.00      0.41      0.00      0.00     99.47
                all      2.20      0.00     31.41      0.07      0.00     66.32
                all      0.04      0.00     47.38      0.00      0.00     52.58
                all      0.04      0.00     47.71      0.00      0.00     52.25
                all      0.04      0.00     47.73      0.00      0.00     52.23
                all      0.36      0.00     47.43      0.01      0.00     52.20
                all      0.13      0.00     45.60      0.05      0.00     54.22
                all      0.03      0.00     46.27      0.00      0.00     53.71
                all      0.02      0.00     46.25      0.00      0.00     53.74
                all      0.02      0.00     46.21      0.00      0.00     53.77
                all      0.89      0.00      8.36      0.00      0.00     90.75
end------
                all      0.07      0.00      0.24      0.00      0.00     99.69
                all      0.14      0.00      0.42      0.00      0.00     99.43
                all      0.14      0.00      0.44      0.07      0.00     99.36
start----
                all      0.45      0.00      6.73      0.04      0.00     92.77
                all     10.60      0.00     47.20      0.10      0.00     42.10
                all      5.09      0.00     81.18      0.00      0.00     13.73
                all      4.71      0.00     48.66      0.00      0.00     46.62
                all      0.02      0.00      0.07      0.00      0.00     99.90
end------
                all      0.11      0.00      0.39      0.00      0.00     99.50
                all      0.16      0.00      0.52      0.00      0.00     99.32
                all      0.13      0.00      0.44      0.00      0.00     99.43
start----
                all      1.07      0.00     10.75      0.04      0.00     88.14
                all     13.57      0.00     59.13      0.57      0.00     26.73
                all      5.31      0.00     82.26      0.00      0.00     12.43
                all      3.97      0.00     30.82      0.01      0.00     65.20
end------
                all      0.01      0.00      0.06      0.00      0.00     99.93
                all      0.14      0.00      0.42      0.00      0.00     99.44
                all      0.13      0.00      0.44      0.00      0.00     99.43
                all      0.13      0.00      0.45      0.00      0.00     99.43
start----
                all      2.97      0.00     26.33      0.11      0.00     70.59
                all     12.12      0.00     67.38      0.11      0.00     20.38
                all     10.19      0.00     76.58      0.00      0.00     13.23
                all      0.08      0.00     14.26      0.00      0.00     85.66
end------
                all      0.02      0.00      0.07      0.00      0.00     99.91
                all      0.13      0.00      0.45      0.00      0.00     99.42
                all      0.14      0.00      0.44      0.00      0.00     99.42
                all      0.14      0.00      0.42      0.00      0.00     99.43
start----
                all      4.01      0.00     31.61      0.13      0.00     64.26
                all      9.98      0.00     71.46      0.42      0.00     18.14
                all      5.25      0.00     81.19      0.00      0.00     13.56
                all      0.04      0.00     87.36      0.00      0.00     12.59
                all      5.79      0.00     46.45      0.00      0.00     47.76
                all      0.02      0.00      0.06      0.00      0.00     99.92
end------
                all      0.12      0.00      0.40      0.00      0.00     99.48
                all      0.15      0.00      0.43      0.00      0.00     99.42
                all      0.14      0.00      0.43      0.00      0.00     99.44
start----
                all      2.17      0.00     13.16      0.06      0.00     84.60
                all     11.04      0.00     68.65      0.12      0.00     20.19
                all      0.69      0.00     86.93      0.00      0.00     12.37
                all      5.01      0.00     82.02      0.00      0.00     12.97
                all      5.35      0.00     72.32      0.00      0.00     22.34
                all      0.04      0.00      1.04      0.00      0.00     98.91
end------
                all      0.05      0.00      0.17      0.00      0.00     99.77
                all      0.14      0.00      0.44      0.00      0.00     99.43
                all      0.15      0.00      0.43      0.06      0.00     99.36
start----
                all      0.14      0.00      0.60      0.01      0.00     99.25
                all     10.08      0.00     44.76      0.43      0.00     44.73
                all      0.17      0.00     87.09      0.00      0.00     12.74
                all      5.18      0.00     82.12      0.00      0.00     12.70
                all      0.23      0.00     87.13      0.00      0.00     12.64
                all      3.52      0.00     28.17      0.00      0.00     68.31
end------
                all      0.00      0.00      0.04      0.00      0.00     99.96
                all      0.12      0.00      0.45      0.00      0.00     99.43
                all      0.13      0.00      0.44      0.00      0.00     99.44
                all      0.15      0.00      0.43      0.00      0.00     99.42
start----
                all      2.93      0.00     19.84      0.13      0.00     77.11
                all     10.58      0.00     64.24      0.05      0.00     25.12
                all      0.11      0.00     87.40      0.00      0.00     12.49
                all      0.09      0.00     87.54      0.00      0.00     12.36
                all      5.68      0.00     77.59      0.00      0.00     16.73
                all      0.05      0.00     87.29      0.00      0.00     12.66
                all      0.05      0.00     87.22      0.00      0.00     12.72
                all      8.40      0.00     74.73      0.00      0.00     16.87
                all      0.05      0.00      2.64      0.01      0.00     97.30
end------
                all      0.06      0.00      0.23      0.00      0.00     99.70
                all      0.14      0.00      0.43      0.00      0.00     99.42
                all      0.14      0.00      0.42      0.00      0.00     99.44
start----
                all      0.37      0.00      4.30      0.14      0.00     95.19
                all     11.10      0.00     45.99      0.08      0.00     42.82
                all      0.14      0.00     87.46      0.02      0.00     12.38
                all      0.12      0.00     87.91      0.00      0.00     11.97
                all      0.71      0.00     87.59      0.00      0.00     11.70
                all      4.41      0.00     79.40      0.00      0.00     16.19
                all      0.05      0.00     87.27      0.00      0.00     12.68
                all      0.24      0.00     87.15      0.00      0.00     12.61
                all      5.01      0.00     30.49      0.00      0.00     64.50
                all      0.02      0.00      0.08      0.01      0.00     99.89
end------
                all      0.12      0.00      0.38      0.00      0.00     99.49
                all      0.13      0.00      0.43      0.00      0.00     99.44
                all      0.14      0.00      0.43      0.00      0.00     99.43
start----
                all      2.57      0.00     12.63      0.10      0.00     84.70
                all      9.90      0.00     65.91      0.04      0.00     24.15
                all      0.08      0.00     87.50      0.00      0.00     12.42
                all      0.12      0.00     88.06      0.00      0.00     11.82
                all      5.23      0.00     81.35      0.00      0.00     13.42
                all      0.05      0.00     87.27      0.00      0.00     12.67
                all      0.06      0.00     87.25      0.00      0.00     12.69
                all      6.18      0.00     78.42      0.00      0.00     15.40
                all      0.06      0.00      3.79      0.00      0.00     96.15
end------
                all      0.03      0.00      0.13      0.00      0.00     99.84
                all      0.13      0.00      0.43      0.00      0.00     99.44
                all      0.14      0.00      0.42      0.00      0.00     99.43
start----
                all      0.13      0.00      0.39      0.00      0.00     99.47
                all      6.40      0.00     38.96      0.37      0.00     54.27
                all      6.64      0.00     74.06      0.49      0.00     18.81
                all      0.09      0.00     87.53      0.00      0.00     12.38
                all      0.09      0.00     88.11      0.00      0.00     11.79
                all      0.10      0.00     88.14      0.00      0.00     11.76
                all      0.10      0.00     88.20      0.00      0.00     11.70
                all      0.11      0.00     88.10      0.00      0.00     11.78
                all      5.63      0.00     80.73      0.00      0.00     13.64
                all      0.05      0.00     87.26      0.00      0.00     12.69
                all      0.04      0.00     87.34      0.00      0.00     12.63
                all      0.04      0.00     87.21      0.00      0.00     12.75
                all      0.05      0.00     87.35      0.00      0.00     12.60
                all      0.04      0.00     87.23      0.00      0.00     12.74
                all      6.46      0.00     73.26      0.00      0.00     20.28
                all      0.04      0.00      1.76      0.00      0.00     98.19
end------
                all      0.06      0.00      0.17      0.00      0.00     99.78
                all      0.13      0.00      0.43      0.00      0.00     99.44
                all      0.14      0.00      0.42      0.07      0.00     99.37
start----
                all      0.13      0.00      0.38      0.00      0.00     99.49
                all      9.96      0.00     40.42      0.18      0.00     49.45
                all      0.50      0.00     84.00      0.00      0.00     15.50
                all      0.11      0.00     87.65      0.00      0.00     12.24
                all      0.09      0.00     88.24      0.00      0.00     11.67
                all      0.16      0.00     87.95      0.00      0.00     11.90
                all      0.11      0.00     88.16      0.00      0.00     11.73
                all      0.11      0.00     88.04      0.00      0.00     11.85
                all      5.21      0.00     82.76      0.00      0.00     12.03
                all      0.05      0.00     87.26      0.00      0.00     12.69
                all      0.04      0.00     87.22      0.00      0.00     12.73
                all      0.04      0.00     87.31      0.00      0.00     12.65
                all      0.05      0.00     87.19      0.00      0.00     12.76
                all      0.06      0.00     87.30      0.00      0.00     12.64
                all      5.64      0.00     65.21      0.00      0.00     29.15
                all      0.02      0.00      0.14      0.01      0.00     99.83
end------
                all      0.09      0.00      0.32      0.00      0.00     99.60
                all      0.14      0.00      0.42      0.00      0.00     99.44
                all      0.13      0.00      0.44      0.00      0.00     99.44
start----
                all      0.96      0.00     11.52      0.04      0.00     87.48
                all     11.65      0.00     48.25      0.16      0.00     39.93
                all      0.09      0.00     87.28      0.00      0.00     12.64
                all      0.10      0.00     87.78      0.00      0.00     12.12
                all      0.11      0.00     88.15      0.00      0.00     11.74
                all      0.09      0.00     87.96      0.00      0.00     11.95
                all      0.09      0.00     88.06      0.00      0.00     11.85
                all      0.33      0.00     87.85      0.00      0.00     11.82
                all      5.23      0.00     81.71      0.00      0.00     13.06
                all      0.04      0.00     87.30      0.00      0.00     12.66
                all      0.04      0.00     87.24      0.00      0.00     12.71
                all      0.04      0.00     87.27      0.00      0.00     12.68
                all      0.05      0.00     87.20      0.00      0.00     12.74
                all      0.04      0.00     87.32      0.00      0.00     12.63
                all      4.32      0.00     37.90      0.00      0.00     57.78
                all      0.02      0.00      0.09      0.01      0.00     99.88
end------
                all      0.11      0.00      0.33      0.00      0.00     99.56
                all      0.13      0.00      0.43      0.00      0.00     99.44
                all      0.13      0.00      0.45      0.06      0.00     99.36
End of data collecting unexpected
