
Linux 5.2.8200225+ (knl03.kisti.re.kr) 	2020년 03월 30일 	_x86_64_	(272 CPU)

                CPU     %user     %nice   %system   %iowait    %steal     %idle
                all      0.03      0.00      0.10      0.00      0.00     99.87
                all      0.02      0.00      0.09      0.15      0.00     99.74
                all      0.01      0.00      0.07      0.37      0.00     99.55
                all      0.01      0.00      0.07      0.37      0.00     99.55
                all      0.02      0.00      0.08      0.09      0.00     99.82
                all      0.01      0.00      0.14      0.25      0.00     99.60
                all      0.03      0.00      0.10      0.01      0.00     99.86
                all      0.03      0.00      0.11      0.00      0.00     99.85
                all      0.09      0.00      0.25      0.16      0.00     99.50
                all      0.02      0.00      0.14      0.00      0.00     99.84
                all      0.01      0.00      0.08      0.00      0.00     99.91
                all      0.01      0.00      0.07      0.00      0.00     99.92
start----
                all      0.07      0.00      0.38      0.02      0.00     99.53
                all      0.03      0.00      3.01      0.00      0.00     96.96
                all      0.04      0.00      0.12      0.01      0.00     99.84
end------
                all      0.08      0.00      0.38      0.00      0.00     99.54
                all      0.12      0.00      0.47      0.00      0.00     99.41
                all      0.12      0.00      0.46      0.07      0.00     99.35
start----
                all      0.10      0.00      1.40      0.02      0.00     98.48
                all      0.05      0.00      2.13      0.00      0.00     97.81
end------
                all      0.02      0.00      0.12      0.00      0.00     99.86
                all      0.13      0.00      0.55      0.00      0.00     99.32
                all      0.11      0.00      0.46      0.00      0.00     99.43
                all      0.11      0.00      0.46      0.00      0.00     99.42
start----
                all      0.08      0.00      2.27      0.02      0.00     97.63
                all      0.04      0.00      1.15      0.00      0.00     98.81
end------
                all      0.07      0.00      0.28      0.00      0.00     99.65
                all      0.12      0.00      0.45      0.00      0.00     99.43
                all      0.12      0.00      0.46      0.00      0.00     99.42
start----
                all      0.13      0.00      0.56      0.02      0.00     99.29
                all      0.03      0.00      3.01      0.00      0.00     96.97
                all      0.03      0.00      3.00      0.00      0.00     96.97
                all      0.05      0.00      0.43      0.01      0.00     99.52
end------
                all      0.06      0.00      0.26      0.00      0.00     99.69
                all      0.17      0.00      0.48      0.03      0.00     99.32
                all      0.12      0.00      0.45      0.00      0.00     99.42
start----
                all      0.13      0.00      0.66      0.02      0.00     99.18
                all      0.03      0.00      3.00      0.00      0.00     96.97
                all      0.03      0.00      3.01      0.00      0.00     96.97
                all      0.05      0.00      0.25      0.00      0.00     99.70
end------
                all      0.06      0.00      0.27      0.00      0.00     99.67
                all      0.11      0.00      0.46      0.00      0.00     99.43
                all      0.11      0.00      0.46      0.07      0.00     99.35
start----
                all      0.11      0.00      0.86      0.02      0.00     99.00
                all      0.03      0.00      3.00      0.00      0.00     96.97
                all      0.05      0.00      2.96      0.00      0.00     96.99
                all      0.03      0.00      0.08      0.00      0.00     99.89
end------
                all      0.07      0.00      0.30      0.00      0.00     99.62
                all      0.11      0.00      0.46      0.00      0.00     99.43
                all      0.11      0.00      0.46      0.00      0.00     99.43
start----
                all      0.11      0.00      1.06      0.02      0.00     98.81
                all      0.03      0.00      3.01      0.00      0.00     96.96
                all      0.04      0.00      3.35      0.00      0.00     96.61
                all      0.04      0.00      3.36      0.00      0.00     96.60
                all      0.02      0.00      3.01      0.00      0.00     96.97
                all      0.08      0.00      0.59      0.00      0.00     99.33
end------
                all      0.05      0.00      0.22      0.00      0.00     99.73
                all      0.12      0.00      0.45      0.00      0.00     99.43
                all      0.11      0.00      0.46      0.08      0.00     99.35
start----
                all      0.13      0.00      0.54      0.02      0.00     99.32
                all      0.03      0.00      3.00      0.00      0.00     96.97
                all      0.03      0.00      3.25      0.00      0.00     96.72
                all      0.06      0.00      3.50      0.00      0.00     96.44
                all      0.01      0.00      3.02      0.00      0.00     96.96
                all      0.16      0.00      1.06      0.00      0.00     98.78
end------
                all      0.05      0.00      0.23      0.00      0.00     99.72
                all      0.11      0.00      0.47      0.00      0.00     99.42
                all      0.11      0.00      0.47      0.00      0.00     99.42
start----
                all      0.14      0.00      0.55      0.02      0.00     99.29
                all      0.03      0.00      3.01      0.00      0.00     96.97
                all      0.04      0.00      3.24      0.00      0.00     96.72
                all      0.05      0.00      3.52      0.00      0.00     96.43
                all      0.02      0.00      3.02      0.00      0.00     96.96
                all      0.14      0.00      1.04      0.01      0.00     98.82
end------
                all      0.05      0.00      0.23      0.00      0.00     99.72
                all      0.11      0.00      0.46      0.00      0.00     99.42
                all      0.10      0.00      0.48      0.07      0.00     99.34
start----
                all      0.14      0.00      0.56      0.03      0.00     99.27
                all      0.03      0.00      3.01      0.00      0.00     96.96
                all      0.03      0.00      3.23      0.00      0.00     96.74
                all      0.04      0.00      3.60      0.00      0.00     96.37
                all      0.06      0.00      3.63      0.00      0.00     96.31
                all      0.03      0.00      3.60      0.00      0.00     96.37
                all      0.03      0.00      2.30      1.26      0.00     96.42
                all      0.51      0.00      1.76      1.27      0.00     96.47
                all      0.01      0.00      3.06      0.00      0.00     96.92
                all      0.02      0.00      3.03      0.00      0.00     96.95
                all      0.18      0.00      2.63      0.00      0.00     97.19
end------
                all      0.01      0.00      0.05      0.01      0.00     99.93
                all      0.11      0.00      0.46      0.00      0.00     99.43
                all      0.11      0.00      0.48      0.00      0.00     99.41
                all      0.12      0.00      0.45      0.00      0.00     99.43
start----
                all      0.09      0.00      1.65      0.02      0.00     98.24
                all      0.03      0.00      3.00      0.00      0.00     96.96
                all      0.04      0.00      3.42      0.00      0.00     96.54
                all      0.04      0.00      3.61      0.00      0.00     96.35
                all      0.04      0.00      3.60      0.00      0.00     96.36
                all      0.03      0.00      3.31      0.29      0.00     96.37
                all      0.02      0.00      1.80      1.63      0.00     96.54
                all      1.72      0.00      1.36      0.46      0.00     96.46
                all      0.01      0.00      3.07      0.00      0.00     96.92
                all      0.02      0.00      3.01      0.00      0.00     96.97
                all      0.22      0.00      2.81      0.00      0.00     96.97
                all      0.03      0.00      0.09      0.01      0.00     99.88
end------
                all      0.07      0.00      0.32      0.00      0.00     99.61
                all      0.11      0.00      0.46      0.00      0.00     99.42
                all      0.12      0.00      0.47      0.07      0.00     99.34
start----
                all      0.14      0.00      0.98      0.02      0.00     98.86
                all      0.04      0.00      3.00      0.00      0.00     96.96
                all      0.04      0.00      3.27      0.00      0.00     96.69
                all      0.03      0.00      3.51      0.00      0.00     96.46
                all      0.03      0.00      3.51      0.00      0.00     96.45
                all      0.04      0.00      3.54      0.00      0.00     96.42
                all      0.08      0.00      2.71      0.81      0.00     96.40
                all      0.06      0.00      3.01      0.02      0.00     96.91
                all      0.01      0.00      3.02      0.00      0.00     96.97
                all      0.03      0.00      3.02      0.00      0.00     96.95
                all      0.09      0.00      0.16      0.00      0.00     99.74
end------
                all      0.09      0.00      0.40      0.00      0.00     99.50
                all      0.12      0.00      0.45      0.00      0.00     99.43
                all      0.12      0.00      0.46      0.00      0.00     99.42
start----
                all      0.16      0.00      2.29      0.02      0.00     97.52
                all      0.06      0.00      3.49      0.00      0.00     96.45
end------
                all      0.03      0.00      0.15      0.00      0.00     99.82
                all      0.10      0.00      0.46      0.00      0.00     99.43
                all      0.11      0.00      0.46      0.00      0.00     99.42
start----
                all      0.11      0.00      0.43      0.00      0.00     99.46
                all      0.15      0.00      5.07      0.01      0.00     94.76
                all      0.04      0.00      0.53      0.00      0.00     99.43
end------
                all      0.09      0.00      0.38      0.00      0.00     99.53
                all      0.11      0.00      0.46      0.00      0.00     99.43
                all      0.11      0.00      0.46      0.00      0.00     99.43
start----
                all      0.18      0.00      2.33      0.02      0.00     97.47
                all      0.06      0.00      3.46      0.00      0.00     96.48
end------
                all      0.03      0.00      0.16      0.00      0.00     99.81
                all      0.11      0.00      0.46      0.00      0.00     99.42
                all      0.12      0.00      0.46      0.08      0.00     99.34
start----
                all      0.11      0.00      0.41      0.00      0.00     99.48
                all      0.14      0.00      5.16      0.02      0.00     94.68
                all      0.07      0.00      5.68      0.00      0.00     94.25
                all      0.02      0.00      0.06      0.00      0.00     99.92
end------
                all      0.10      0.00      0.43      0.00      0.00     99.46
                all      0.13      0.00      0.52      0.00      0.00     99.34
                all      0.12      0.00      0.46      0.00      0.00     99.42
start----
                all      0.15      0.00      3.02      0.01      0.00     96.83
                all      0.05      0.00      5.94      0.00      0.00     94.01
                all      0.06      0.00      2.07      0.00      0.00     97.87
end------
                all      0.05      0.00      0.23      0.00      0.00     99.72
                all      0.12      0.00      0.46      0.00      0.00     99.42
                all      0.11      0.00      0.47      0.08      0.00     99.35
start----
                all      0.18      0.00      0.81      0.02      0.00     98.99
                all      0.19      0.00      5.80      0.00      0.00     94.01
                all      0.14      0.00      4.65      0.00      0.00     95.20
end------
                all      0.01      0.00      0.07      0.00      0.00     99.92
                all      0.11      0.00      0.46      0.00      0.00     99.43
                all      0.12      0.00      0.45      0.00      0.00     99.43
                all      0.11      0.00      0.47      0.00      0.00     99.41
start----
                all      0.16      0.00      3.82      0.01      0.00     96.01
                all      0.04      0.00      6.11      0.00      0.00     93.85
                all      0.14      0.00      6.17      0.00      0.00     93.68
                all      0.08      0.00      5.91      0.00      0.00     94.00
                all      0.33      0.00      0.26      0.01      0.00     99.40
end------
                all      0.09      0.00      0.37      0.00      0.00     99.55
                all      0.12      0.00      0.45      0.00      0.00     99.43
                all      0.11      0.00      0.46      0.00      0.00     99.42
start----
                all      0.15      0.00      2.30      0.02      0.00     97.52
                all      0.05      0.00      6.01      0.00      0.00     93.94
                all      0.11      0.00      6.34      0.00      0.00     93.55
                all      0.02      0.00      6.02      0.00      0.00     93.96
                all      0.49      0.00      1.83      0.00      0.00     97.67
end------
                all      0.04      0.00      0.15      0.00      0.00     99.81
                all      0.11      0.00      0.46      0.00      0.00     99.43
                all      0.13      0.00      0.45      0.00      0.00     99.43
start----
                all      0.11      0.00      0.41      0.00      0.00     99.47
                all      0.14      0.00      5.26      0.01      0.00     94.59
                all      0.04      0.00      6.28      0.00      0.00     93.68
                all      0.09      0.00      6.04      0.00      0.00     93.86
                all      0.42      0.00      4.50      0.00      0.00     95.08
end------
                all      0.01      0.00      0.04      0.00      0.00     99.96
                all      0.12      0.00      0.44      0.00      0.00     99.44
                all      0.11      0.00      0.46      0.00      0.00     99.42
                all      0.11      0.00      0.45      0.00      0.00     99.44
start----
                all      0.15      0.00      3.68      0.02      0.00     96.15
                all      0.04      0.00      6.10      0.00      0.00     93.86
                all      0.03      0.00      6.57      0.00      0.00     93.40
                all      0.03      0.00      6.57      0.00      0.00     93.41
                all      0.41      0.00      3.41      2.76      0.00     93.42
                all      0.10      0.00      5.99      0.01      0.00     93.90
                all      0.01      0.00      5.98      0.00      0.00     94.00
                all      0.01      0.00      5.98      0.00      0.00     94.01
                all      0.40      0.00      0.87      0.00      0.00     98.73
end------
                all      0.05      0.00      0.22      0.00      0.00     99.73
                all      0.13      0.00      0.45      0.00      0.00     99.42
                all      0.10      0.00      0.46      0.08      0.00     99.36
start----
                all      0.13      0.00      0.57      0.02      0.00     99.27
                all      0.12      0.00      5.83      0.00      0.00     94.05
                all      0.04      0.00      6.37      0.00      0.00     93.59
                all      0.03      0.00      6.50      0.00      0.00     93.47
                all      0.03      0.00      5.94      0.54      0.00     93.49
                all      0.32      0.00      4.34      1.56      0.00     93.79
                all      0.02      0.00      5.97      0.00      0.00     94.01
                all      0.01      0.00      5.97      0.00      0.00     94.01
                all      0.29      0.00      4.01      0.01      0.00     95.69
end------
                all      0.02      0.00      0.11      0.00      0.00     99.87
                all      0.10      0.00      0.47      0.00      0.00     99.43
                all      0.11      0.00      0.46      0.00      0.00     99.43
                all      0.11      0.00      0.47      0.00      0.00     99.42
start----
                all      0.14      0.00      4.16      0.01      0.00     95.69
                all      0.03      0.00      6.17      0.00      0.00     93.80
                all      0.04      0.00      6.50      0.00      0.00     93.46
                all      0.03      0.00      6.48      0.00      0.00     93.48
                all      0.29      0.00      3.97      2.05      0.00     93.68
                all      0.02      0.00      6.02      0.00      0.00     93.96
                all      0.02      0.00      5.97      0.00      0.00     94.01
                all      0.25      0.00      5.72      0.00      0.00     94.03
                all      0.02      0.00      0.07      0.01      0.00     99.90
end------
                all      0.11      0.00      0.40      0.00      0.00     99.49
                all      0.11      0.00      0.46      0.00      0.00     99.43
                all      0.10      0.00      0.47      0.00      0.00     99.43
start----
                all      0.28      0.00      4.86      0.03      0.00     94.83
                all      0.09      0.00      6.45      0.00      0.00     93.46
end------
                all      0.04      0.00      0.17      0.00      0.00     99.79
                all      0.12      0.00      0.44      0.00      0.00     99.44
                all      0.11      0.00      0.46      0.00      0.00     99.43
start----
                all      0.11      0.00      0.41      0.00      0.00     99.48
                all      0.31      0.00     10.20      0.02      0.00     89.47
                all      0.06      0.00      0.93      0.01      0.00     99.00
end------
                all      0.10      0.00      0.37      0.00      0.00     99.53
                all      0.10      0.00      0.46      0.00      0.00     99.44
                all      0.12      0.00      0.45      0.00      0.00     99.43
start----
                all      0.27      0.00      4.14      0.03      0.00     95.56
                all      0.14      0.00      7.25      0.00      0.00     92.61
end------
                all      0.03      0.00      0.14      0.00      0.00     99.83
                all      0.11      0.00      0.46      0.00      0.00     99.42
                all      0.11      0.00      0.46      0.00      0.00     99.42
start----
                all      0.12      0.00      0.41      0.00      0.00     99.47
                all      0.25      0.00      9.42      0.03      0.00     90.30
                all      0.09      0.00     11.80      0.00      0.00     88.11
                all      0.04      0.00      0.18      0.00      0.00     99.78
end------
                all      0.09      0.00      0.38      0.00      0.00     99.53
                all      0.11      0.00      0.46      0.00      0.00     99.43
                all      0.10      0.00      0.46      0.07      0.00     99.36
start----
                all      0.28      0.00      4.71      0.03      0.00     94.98
                all      0.18      0.00     11.71      0.00      0.00     88.12
                all      0.06      0.00      5.28      0.00      0.00     94.66
end------
                all      0.05      0.00      0.20      0.00      0.00     99.76
                all      0.11      0.00      0.47      0.00      0.00     99.42
                all      0.12      0.00      0.45      0.00      0.00     99.43
start----
                all      0.09      0.00      0.41      0.01      0.00     99.49
                all      0.27      0.00     11.05      0.02      0.00     88.66
                all      0.22      0.00     10.32      0.00      0.00     89.45
end------
                all      0.01      0.00      0.04      0.01      0.00     99.94
                all      0.11      0.00      0.44      0.00      0.00     99.45
                all      0.13      0.00      0.44      0.00      0.00     99.43
                all      0.12      0.00      0.45      0.00      0.00     99.43
start----
                all      0.28      0.00      6.22      0.03      0.00     93.47
                all      0.04      0.00     12.04      0.00      0.00     87.92
                all      0.38      0.00     11.83      0.00      0.00     87.79
                all      0.02      0.00     11.88      0.00      0.00     88.10
                all      0.35      0.00      1.43      0.00      0.00     98.21
end------
                all      0.07      0.00      0.32      0.00      0.00     99.61
                all      0.11      0.00      0.46      0.00      0.00     99.43
                all      0.14      0.00      0.53      0.08      0.00     99.25
start----
                all      0.31      0.00      3.32      0.04      0.00     96.33
                all      0.03      0.00     11.88      0.00      0.00     88.08
                all      0.35      0.00     11.97      0.00      0.00     87.68
                all      0.02      0.00     11.91      0.01      0.00     88.06
                all      0.38      0.00      4.33      0.00      0.00     95.29
end------
                all      0.03      0.00      0.17      0.00      0.00     99.80
                all      0.11      0.00      0.46      0.00      0.00     99.43
                all      0.11      0.00      0.45      0.00      0.00     99.43
start----
                all      0.10      0.00      0.44      0.00      0.00     99.47
                all      0.25      0.00      9.28      0.02      0.00     90.44
                all      0.03      0.00     12.17      0.00      0.00     87.80
                all      0.35      0.00     11.72      0.00      0.00     87.93
                all      0.40      0.00     10.07      0.00      0.00     89.53
                all      0.01      0.00      0.04      0.00      0.00     99.94
end------
                all      0.10      0.00      0.43      0.00      0.00     99.47
                all      0.12      0.00      0.45      0.03      0.00     99.41
                all      0.12      0.00      0.45      0.04      0.00     99.39
start----
                all      0.27      0.00      6.44      0.03      0.00     93.27
                all      0.04      0.00     12.03      0.00      0.00     87.94
                all      0.04      0.00     12.39      0.00      0.00     87.58
                all      0.03      0.00     12.41      0.00      0.00     87.56
                all      1.28      0.00     10.96      0.00      0.00     87.76
                all      0.01      0.00     11.93      0.00      0.00     88.05
                all      0.02      0.00     11.89      0.00      0.00     88.08
                all      0.47      0.00      9.46      0.00      0.00     90.07
                all      0.02      0.00      0.07      0.01      0.00     99.90
end------
                all      0.10      0.00      0.40      0.00      0.00     99.50
                all      0.12      0.00      0.45      0.00      0.00     99.43
                all      0.11      0.00      0.45      0.00      0.00     99.43
start----
                all      0.30      0.00      4.13      0.03      0.00     95.54
                all      0.04      0.00     11.92      0.00      0.00     88.04
                all      0.03      0.00     12.44      0.00      0.00     87.52
                all      0.04      0.00     12.40      0.00      0.00     87.56
                all      0.10      0.00     12.26      0.00      0.00     87.64
                all      0.02      0.00     11.91      0.00      0.00     88.07
                all      0.01      0.00     11.87      0.00      0.00     88.12
                all      0.38      0.00      9.79      0.00      0.00     89.83
                all      0.02      0.00      0.07      0.00      0.00     99.90
end------
                all      0.09      0.00      0.36      0.00      0.00     99.55
                all      0.13      0.00      0.44      0.00      0.00     99.43
                all      0.13      0.00      0.45      0.07      0.00     99.35
start----
                all      0.28      0.00      4.07      0.03      0.00     95.62
                all      0.04      0.00     11.90      0.00      0.00     88.06
                all      0.04      0.00     12.46      0.00      0.00     87.50
                all      0.04      0.00     12.41      0.00      0.00     87.56
                all      0.18      0.00     12.18      0.00      0.00     87.64
                all      0.01      0.00     11.92      0.00      0.00     88.06
                all      0.02      0.00     11.87      0.00      0.00     88.12
                all      0.35      0.00     10.17      0.00      0.00     89.48
                all      0.02      0.00      0.09      0.01      0.00     99.89
end------
                all      0.08      0.00      0.36      0.00      0.00     99.56
                all      0.12      0.00      0.45      0.00      0.00     99.43
                all      0.12      0.00      0.46      0.00      0.00     99.42
start----
                all      0.66      0.00      6.42      0.03      0.00     92.89
                all      0.26      0.00     15.95      0.00      0.00     83.79
end------
                all      0.01      0.00      0.08      0.00      0.00     99.91
                all      0.11      0.00      0.45      0.00      0.00     99.43
                all      0.11      0.00      0.45      0.07      0.00     99.36
                all      0.13      0.00      0.45      0.00      0.00     99.42
start----
                all      0.69      0.00     14.83      0.05      0.00     84.43
                all      0.16      0.00      7.88      0.00      0.00     91.95
end------
                all      0.05      0.00      0.24      0.00      0.00     99.71
                all      0.12      0.00      0.45      0.00      0.00     99.43
                all      0.11      0.00      0.46      0.07      0.00     99.35
start----
                all      0.21      0.00      1.49      0.05      0.00     98.26
                all      0.67      0.00     21.48      0.02      0.00     77.83
                all      0.02      0.00      0.09      0.00      0.00     99.88
end------
                all      0.10      0.00      0.39      0.00      0.00     99.51
                all      0.12      0.00      0.44      0.00      0.00     99.44
                all      0.11      0.00      0.46      0.00      0.00     99.43
start----
                all      0.64      0.00      8.20      0.05      0.00     91.11
                all      0.19      0.00     23.45      0.00      0.00     76.36
                all      0.16      0.00     11.02      0.00      0.00     88.82
end------
                all      0.04      0.00      0.19      0.00      0.00     99.77
                all      0.11      0.00      0.46      0.00      0.00     99.43
                all      0.12      0.00      0.46      0.00      0.00     99.42
start----
                all      0.10      0.00      0.40      0.01      0.00     99.49
                all      0.61      0.00     20.40      0.10      0.00     78.88
                all      0.27      0.00     22.37      0.00      0.00     77.36
end------
                all      0.02      0.00      0.05      0.00      0.00     99.92
                all      0.10      0.00      0.43      0.00      0.00     99.47
                all      0.12      0.00      0.45      0.00      0.00     99.44
                all      0.12      0.00      0.45      0.00      0.00     99.43
start----
                all      0.68      0.00      9.02      0.06      0.00     90.24
                all      0.17      0.00     23.52      0.00      0.00     76.30
                all      0.13      0.00      9.94      0.01      0.00     89.91
end------
                all      0.15      0.00      0.31      0.00      0.00     99.54
                all      0.12      0.00      0.45      0.00      0.00     99.43
                all      0.12      0.00      0.44      0.00      0.00     99.43
start----
                all      0.14      0.00      0.72      0.04      0.00     99.10
                all      0.56      0.00     21.54      0.01      0.00     77.89
                all      0.04      0.00     24.06      0.00      0.00     75.90
                all      0.66      0.00     23.12      0.00      0.00     76.23
                all      0.27      0.00     15.48      0.00      0.00     84.26
end------
                all      0.01      0.00      0.04      0.00      0.00     99.95
                all      0.11      0.00      0.43      0.00      0.00     99.46
                all      0.11      0.00      0.46      0.03      0.00     99.40
                all      0.12      0.00      0.45      0.05      0.00     99.38
start----
                all      0.65      0.00     10.87      0.04      0.00     88.43
                all      0.04      0.00     23.83      0.00      0.00     76.14
                all      0.34      0.00     23.29      0.00      0.00     76.38
                all      0.06      0.00     23.67      0.00      0.00     76.28
                all      0.60      0.00      3.20      0.01      0.00     96.19
end------
                all      0.08      0.00      0.35      0.00      0.00     99.57
                all      0.12      0.00      0.45      0.00      0.00     99.43
                all      0.11      0.00      0.45      0.01      0.00     99.43
start----
                all      0.63      0.00      4.03      0.04      0.00     95.30
                all      0.04      0.00     23.68      0.00      0.00     76.28
                all      0.41      0.00     23.78      0.00      0.00     75.81
                all      0.02      0.00     23.70      0.00      0.00     76.28
                all      0.24      0.00      9.13      0.00      0.00     90.63
end------
                all      0.03      0.00      0.10      0.00      0.00     99.87
                all      0.11      0.00      0.45      0.00      0.00     99.44
                all      0.13      0.00      0.46      0.00      0.00     99.41
start----
                all      0.11      0.00      0.42      0.00      0.00     99.47
                all      0.62      0.00     17.34      0.05      0.00     82.00
                all      0.03      0.00     24.01      0.00      0.00     75.96
                all      0.05      0.00     24.23      0.00      0.00     75.73
                all      0.03      0.00     24.24      0.00      0.00     75.72
                all      0.21      0.00     23.65      0.00      0.00     76.15
                all      0.05      0.00     23.80      0.00      0.00     76.14
                all      0.01      0.00     23.70      0.00      0.00     76.29
                all      0.28      0.00      8.48      0.00      0.00     91.23
end------
                all      0.06      0.00      0.25      0.00      0.00     99.69
                all      0.12      0.00      0.45      0.00      0.00     99.43
                all      0.12      0.00      0.45      0.00      0.00     99.42
start----
                all      0.15      0.00      0.86      0.03      0.00     98.96
                all      0.62      0.00     21.52      0.01      0.00     77.85
                all      0.04      0.00     24.09      0.00      0.00     75.87
                all      0.04      0.00     24.25      0.00      0.00     75.71
                all      0.06      0.00     24.23      0.00      0.00     75.71
                all      0.29      0.00     23.31      0.01      0.00     76.39
                all      0.01      0.00     23.69      0.00      0.00     76.29
                all      0.02      0.00     23.69      0.00      0.00     76.29
                all      0.38      0.00      4.58      0.00      0.00     95.04
end------
                all      0.07      0.00      0.29      0.00      0.00     99.64
                all      0.11      0.00      0.45      0.00      0.00     99.43
                all      0.13      0.00      0.45      0.08      0.00     99.35
start----
                all      0.65      0.00      2.96      0.04      0.00     96.35
                all      0.04      0.00     23.63      0.00      0.00     76.33
                all      0.04      0.00     24.11      0.00      0.00     75.85
                all      0.04      0.00     24.11      0.00      0.00     75.85
                all      0.36      0.00     23.62      0.00      0.00     76.02
                all      0.03      0.00     23.72      0.01      0.00     76.25
                all      0.03      0.00     23.70      0.00      0.00     76.27
                all      0.48      0.00     23.24      0.00      0.00     76.29
                all      0.06      0.00      0.63      0.00      0.00     99.31
end------
                all      0.07      0.00      0.32      0.00      0.00     99.61
                all      0.12      0.00      0.45      0.00      0.00     99.43
                all      0.11      0.00      0.46      0.00      0.00     99.42
start----
                all      0.41      0.00      3.96      0.03      0.00     95.60
                all      2.45      0.00     41.39      0.02      0.00     56.14
                all      0.57      0.00     16.31      0.01      0.00     83.11
end------
                all      0.05      0.00      0.21      0.00      0.00     99.74
                all      0.11      0.00      0.45      0.00      0.00     99.44
                all      0.13      0.00      0.44      0.00      0.00     99.42
start----
                all      0.11      0.00      0.42      0.00      0.00     99.47
                all      2.35      0.00     35.72      0.06      0.00     61.86
                all      0.54      0.00     23.94      0.00      0.00     75.52
end------
                all      0.02      0.00      0.11      0.00      0.00     99.87
                all      0.12      0.00      0.45      0.00      0.00     99.43
                all      0.12      0.00      0.44      0.07      0.00     99.37
start----
                all      0.11      0.00      0.43      0.00      0.00     99.46
                all      2.40      0.00     29.50      0.05      0.00     68.05
                all      0.96      0.00     30.73      0.00      0.00     68.30
end------
                all      0.01      0.00      0.04      0.00      0.00     99.95
                all      0.11      0.00      0.45      0.00      0.00     99.44
                all      0.14      0.00      0.43      0.07      0.00     99.36
                all      0.13      0.00      0.44      0.01      0.00     99.42
start----
                all      2.30      0.00     21.16      0.07      0.00     76.47
                all      0.48      0.00     46.46      0.00      0.00     53.06
                all      0.51      0.00     42.89      0.00      0.00     56.60
                all      0.02      0.00      0.09      0.00      0.00     99.89
end------
                all      0.10      0.00      0.33      0.00      0.00     99.57
                all      0.12      0.00      0.44      0.00      0.00     99.44
                all      0.13      0.00      0.45      0.00      0.00     99.42
start----
                all      0.88      0.00      4.49      0.07      0.00     94.56
                all      1.28      0.00     44.09      0.00      0.00     54.63
                all      0.44      0.00     45.80      0.00      0.00     53.76
                all      0.55      0.00     16.58      0.00      0.00     82.87
end------
                all      0.03      0.00      0.13      0.00      0.00     99.84
                all      0.14      0.00      0.53      0.00      0.00     99.32
                all      0.12      0.00      0.45      0.00      0.00     99.42
start----
                all      0.12      0.00      0.45      0.00      0.00     99.44
                all      2.15      0.00     26.50      0.07      0.00     71.27
                all      0.42      0.00     46.37      0.00      0.00     53.21
                all      0.53      0.00     37.23      0.00      0.00     62.24
end------
                all      0.01      0.00      0.05      0.00      0.00     99.94
                all      0.11      0.00      0.42      0.00      0.00     99.47
                all      0.13      0.00      0.45      0.02      0.00     99.40
                all      0.13      0.00      0.45      0.05      0.00     99.38
start----
                all      2.15      0.00     15.84      0.05      0.00     81.97
                all      0.05      0.00     47.27      0.00      0.00     52.68
                all      0.05      0.00     47.79      0.00      0.00     52.16
                all      0.51      0.00     44.34      0.02      0.00     55.13
                all      0.45      0.00     45.87      0.00      0.00     53.68
                all      1.30      0.00     10.28      0.00      0.00     88.42
end------
                all      0.06      0.00      0.26      0.00      0.00     99.68
                all      0.12      0.00      0.45      0.00      0.00     99.43
                all      0.13      0.00      0.45      0.00      0.00     99.43
start----
                all      0.34      0.00      3.98      0.04      0.00     95.65
                all      1.94      0.00     39.79      0.03      0.00     58.24
                all      0.04      0.00     47.56      0.00      0.00     52.40
                all      0.51      0.00     45.66      0.01      0.00     53.82
                all      0.04      0.00     46.23      0.00      0.00     53.73
                all      1.27      0.00     29.89      0.01      0.00     68.83
end------
                all      0.06      0.00      0.17      0.01      0.00     99.76
                all      0.23      0.00      0.63      0.01      0.00     99.13
                all      0.13      0.00      0.48      0.01      0.00     99.38
                all      0.15      0.00      0.55      0.06      0.00     99.25
start----
                all      2.20      0.00     22.80      0.11      0.00     74.90
                all      0.04      0.00     47.32      0.00      0.00     52.63
                all      0.44      0.00     46.00      0.05      0.00     53.52
                all      0.09      0.00     46.53      0.05      0.00     53.32
                all      1.14      0.00     45.33      0.00      0.00     53.53
                all      0.51      0.00      4.66      0.01      0.00     94.82
end------
                all      0.07      0.00      0.32      0.00      0.00     99.61
                all      0.12      0.00      0.45      0.00      0.00     99.44
                all      0.12      0.00      0.45      0.00      0.00     99.43
start----
                all      0.29      0.00      3.11      0.03      0.00     96.57
                all      1.94      0.00     38.57      0.02      0.00     59.47
                all      0.04      0.00     47.52      0.00      0.00     52.44
                all      0.04      0.00     47.85      0.00      0.00     52.10
                all      0.05      0.00     47.76      0.00      0.00     52.19
                all      0.49      0.00     45.64      0.02      0.00     53.85
                all      0.02      0.00     46.21      0.02      0.00     53.76
                all      0.02      0.00     46.20      0.00      0.00     53.78
                all      0.02      0.00     46.17      0.00      0.00     53.82
                all      1.55      0.00     44.81      0.00      0.00     53.64
                all      0.40      0.00      3.66      0.01      0.00     95.94
end------
                all      0.06      0.00      0.25      0.00      0.00     99.68
                all      0.12      0.00      0.45      0.00      0.00     99.43
                all      0.13      0.00      0.44      0.00      0.00     99.43
start----
                all      0.20      0.00      1.47      0.03      0.00     98.31
                all      2.14      0.00     38.25      0.03      0.00     59.58
                all      0.04      0.00     47.48      0.00      0.00     52.47
                all      0.05      0.00     47.85      0.00      0.00     52.09
                all      0.04      0.00     47.85      0.00      0.00     52.11
                all      0.50      0.00     46.72      0.03      0.00     52.76
                all      0.02      0.00     46.20      0.01      0.00     53.77
                all      0.02      0.00     46.20      0.00      0.00     53.79
                all      0.06      0.00     46.41      0.00      0.00     53.53
                all      0.33      0.00     45.94      0.00      0.00     53.73
                all      0.54      0.00      3.94      0.00      0.00     95.52
end------
                all      0.09      0.00      0.33      0.00      0.00     99.58
                all      0.14      0.00      0.42      0.00      0.00     99.43
                all      0.13      0.00      0.44      0.00      0.00     99.43
start----
                all      0.88      0.00      4.02      0.07      0.00     95.03
                all      1.35      0.00     43.87      0.01      0.00     54.77
                all      0.04      0.00     47.60      0.00      0.00     52.36
                all      0.05      0.00     47.71      0.00      0.00     52.24
                all      0.05      0.00     47.74      0.00      0.00     52.21
                all      0.47      0.00     45.36      0.01      0.00     54.16
                all      0.02      0.00     46.22      0.00      0.00     53.76
                all      0.02      0.00     46.18      0.00      0.00     53.80
                all      0.02      0.00     46.15      0.00      0.00     53.84
                all      1.87      0.00     43.60      0.00      0.00     54.53
                all      0.03      0.00      0.52      0.00      0.00     99.44
end------
                all      0.09      0.00      0.35      0.00      0.00     99.57
                all      0.14      0.00      0.44      0.00      0.00     99.42
                all      0.13      0.00      0.44      0.08      0.00     99.35
start----
                all      0.97      0.00     10.97      0.05      0.00     88.02
                all     12.79      0.00     51.73      0.10      0.00     35.37
                all      5.87      0.00     80.54      0.00      0.00     13.60
                all      4.21      0.00     36.38      0.00      0.00     59.41
                all      0.03      0.00      0.08      0.00      0.00     99.90
end------
                all      0.09      0.00      0.34      0.00      0.00     99.56
                all      0.14      0.00      0.44      0.00      0.00     99.43
                all      0.13      0.00      0.45      0.08      0.00     99.35
start----
                all      1.05      0.00     11.45      0.04      0.00     87.46
                all     12.42      0.00     59.70      0.24      0.00     27.64
                all      5.50      0.00     81.03      0.00      0.00     13.46
                all      4.17      0.00     33.36      0.00      0.00     62.47
                all      0.02      0.00      0.07      0.01      0.00     99.89
end------
                all      0.11      0.00      0.38      0.00      0.00     99.51
                all      0.13      0.00      0.44      0.00      0.00     99.43
                all      0.13      0.00      0.44      0.00      0.00     99.43
start----
                all      1.05      0.00     10.54      0.04      0.00     88.37
                all     13.49      0.00     60.12      0.45      0.00     25.94
                all      5.16      0.00     81.57      0.00      0.00     13.27
                all      4.28      0.00     31.59      0.00      0.00     64.13
                all      0.02      0.00      0.06      0.00      0.00     99.91
end------
                all      0.11      0.00      0.40      0.00      0.00     99.49
                all      0.13      0.00      0.45      0.00      0.00     99.42
                all      0.13      0.00      0.44      0.00      0.00     99.43
start----
                all      1.04      0.00     13.70      0.06      0.00     85.20
                all     11.98      0.00     60.82      0.23      0.00     26.97
                all      0.60      0.00     86.93      0.00      0.00     12.47
                all      4.72      0.00     81.63      0.00      0.00     13.65
                all      5.56      0.00     76.63      0.00      0.00     17.81
                all      0.05      0.00      2.52      0.00      0.00     97.43
end------
                all      0.07      0.00      0.24      0.00      0.00     99.68
                all      0.13      0.00      0.44      0.00      0.00     99.42
                all      0.14      0.00      0.45      0.00      0.00     99.41
start----
                all      0.38      0.00      4.61      0.10      0.00     94.91
                all     10.90      0.00     47.79      0.07      0.00     41.25
                all      0.09      0.00     87.27      0.00      0.00     12.64
                all      5.03      0.00     81.54      0.00      0.00     13.43
                all      4.21      0.00     83.30      0.00      0.00     12.49
                all      1.60      0.00     22.49      0.01      0.00     75.90
end------
                all      0.01      0.00      0.03      0.00      0.00     99.96
                all      0.13      0.00      0.45      0.00      0.00     99.41
                all      0.15      0.00      0.51      0.00      0.00     99.34
                all      0.14      0.00      0.45      0.00      0.00     99.42
start----
                all      2.75      0.00     24.00      0.12      0.00     73.14
                all     11.67      0.00     63.88      0.12      0.00     24.34
                all      4.91      0.00     81.84      0.00      0.00     13.25
                all      0.03      0.00     87.41      0.00      0.00     12.56
                all      5.35      0.00     58.67      0.00      0.00     35.97
                all      0.03      0.00      0.13      0.00      0.00     99.84
end------
                all      0.07      0.00      0.26      0.00      0.00     99.67
                all      0.13      0.00      0.44      0.00      0.00     99.43
                all      0.14      0.00      0.43      0.00      0.00     99.43
start----
                all      0.32      0.00      3.01      0.07      0.00     96.60
                all     10.68      0.00     45.17      0.11      0.00     44.04
                all      0.11      0.00     87.18      0.00      0.00     12.71
                all      0.08      0.00     87.73      0.00      0.00     12.19
                all      0.82      0.00     87.39      0.00      0.00     11.78
                all      4.82      0.00     79.28      0.00      0.00     15.90
                all      0.04      0.00     87.26      0.00      0.00     12.70
                all      0.59      0.00     86.82      0.00      0.00     12.59
                all      5.82      0.00     33.05      0.01      0.00     61.12
end------
                all      0.01      0.00      0.03      0.00      0.00     99.96
                all      0.13      0.00      0.44      0.00      0.00     99.43
                all      0.14      0.00      0.44      0.07      0.00     99.35
                all      0.14      0.00      0.43      0.00      0.00     99.43
start----
                all      7.82      0.00     13.55      0.06      0.00     78.57
                all     10.23      0.00     65.96      0.05      0.00     23.77
                all      0.08      0.00     87.28      0.00      0.00     12.64
                all      0.11      0.00     87.78      0.00      0.00     12.11
                all      5.24      0.00     81.60      0.01      0.00     13.15
                all      0.05      0.00     87.28      0.00      0.00     12.67
                all      0.04      0.00     87.17      0.00      0.00     12.79
                all      6.43      0.00     79.66      0.00      0.00     13.91
                all      0.07      0.00      5.60      0.01      0.00     94.33
end------
                all      0.03      0.00      0.13      0.00      0.00     99.84
                all      0.13      0.00      0.44      0.00      0.00     99.43
                all      0.14      0.00      0.44      0.00      0.00     99.42
start----
                all      0.12      0.00      0.41      0.00      0.00     99.47
                all      4.53      0.00     37.60      0.50      0.00     57.37
                all      9.28      0.00     74.72      0.08      0.00     15.93
                all      0.09      0.00     87.53      0.00      0.00     12.38
                all      0.09      0.00     88.05      0.00      0.00     11.87
                all      7.74      0.00     79.39      0.00      0.00     12.87
                all      0.05      0.00     87.23      0.00      0.00     12.71
                all      0.05      0.00     87.31      0.00      0.00     12.64
                all      5.29      0.00     57.84      0.00      0.00     36.87
                all      0.03      0.00      0.11      0.00      0.00     99.87
end------
                all      0.11      0.00      0.37      0.00      0.00     99.52
                all      0.14      0.00      0.44      0.00      0.00     99.42
                all      0.13      0.00      0.44      0.00      0.00     99.43
start----
                all      1.01      0.00     11.65      0.03      0.00     87.31
                all     11.51      0.00     53.26      0.17      0.00     35.06
                all      0.11      0.00     87.24      0.00      0.00     12.65
                all      0.10      0.00     87.78      0.04      0.00     12.07
                all      0.10      0.00     87.89      0.00      0.00     12.02
                all      0.10      0.00     88.11      0.00      0.00     11.80
                all      0.10      0.00     87.95      0.00      0.00     11.95
                all      0.48      0.00     87.76      0.00      0.00     11.76
                all      5.15      0.00     79.21      0.00      0.00     15.64
                all      0.04      0.00     87.22      0.00      0.00     12.73
                all      0.06      0.00     87.20      0.00      0.00     12.73
                all      0.11      0.00     87.81      0.02      0.00     12.06
                all      0.11      0.00     87.51      0.00      0.00     12.38
                all      0.06      0.00     87.24      0.00      0.00     12.69
                all      5.27      0.00     39.48      0.00      0.00     55.25
end------
                all      0.01      0.00      0.04      0.00      0.00     99.94
                all      0.12      0.00      0.41      0.00      0.00     99.47
                all      0.14      0.00      0.43      0.03      0.00     99.40
                all      0.13      0.00      0.45      0.04      0.00     99.38
start----
                all      3.02      0.00     18.88      0.13      0.00     77.97
                all     11.99      0.00     62.37      0.10      0.00     25.54
                all      0.12      0.00     87.28      0.00      0.00     12.60
                all      0.12      0.00     87.85      0.00      0.00     12.03
                all      0.12      0.00     88.01      0.00      0.00     11.86
                all      0.10      0.00     88.00      0.00      0.00     11.90
                all      0.09      0.00     88.08      0.00      0.00     11.84
                all      5.86      0.00     82.47      0.00      0.00     11.67
                all      0.05      0.00     86.52      0.00      0.00     13.43
                all      0.05      0.00     87.12      0.00      0.00     12.82
                all      0.05      0.00     87.18      0.00      0.00     12.77
                all      0.05      0.00     87.19      0.00      0.00     12.75
                all      0.04      0.00     87.20      0.00      0.00     12.76
                all      0.72      0.00     86.76      0.00      0.00     12.52
                all      3.60      0.00     24.67      0.00      0.00     71.72
end------
                all      0.03      0.00      0.09      0.00      0.00     99.89
                all      0.25      0.00      0.58      0.02      0.00     99.15
                all      0.14      0.00      0.44      0.00      0.00     99.42
start----
                all      0.13      0.00      0.44      0.00      0.00     99.44
                all      4.65      0.00     30.07      0.35      0.00     64.93
                all     10.03      0.00     71.60      0.32      0.00     18.05
                all      0.11      0.00     87.48      0.00      0.00     12.41
                all      0.09      0.00     88.13      0.00      0.00     11.78
                all      0.11      0.00     88.04      0.02      0.00     11.83
                all      0.10      0.00     88.10      0.00      0.00     11.81
                all      0.09      0.00     88.17      0.00      0.00     11.73
                all      5.01      0.00     81.11      0.00      0.00     13.87
                all      0.06      0.00     87.28      0.00      0.00     12.66
                all      0.05      0.00     87.22      0.00      0.00     12.73
                all      0.04      0.00     87.27      0.00      0.00     12.69
                all      0.04      0.00     87.03      0.00      0.00     12.93
                all      0.05      0.00     87.22      0.00      0.00     12.72
                all      6.64      0.00     80.30      0.03      0.00     13.04
                all      0.07      0.00      6.00      0.00      0.00     93.92
end------
                all      0.03      0.00      0.11      0.00      0.00     99.86
                all      0.14      0.00      0.43      0.00      0.00     99.42
                all      0.14      0.00      0.43      0.00      0.00     99.42
                all      0.14      0.00      0.41      0.00      0.00     99.45
End of data collecting unexpected
