
Linux 5.2.8200225+ (knl03.kisti.re.kr) 	2020년 04월 04일 	_x86_64_	(272 CPU)

                CPU     %user     %nice   %system   %iowait    %steal     %idle
                all      0.03      0.00      0.10      0.00      0.00     99.87
                all      0.02      0.00      0.08      0.15      0.00     99.75
                all      0.02      0.00      0.08      0.37      0.00     99.54
                all      0.02      0.00      0.08      0.37      0.00     99.54
                all      0.01      0.00      0.08      0.06      0.00     99.85
                all      0.02      0.00      0.15      0.24      0.00     99.59
                all      0.03      0.00      0.09      0.02      0.00     99.86
                all      0.04      0.00      0.11      0.00      0.00     99.85
                all      0.09      0.00      0.28      0.03      0.00     99.60
                all      0.02      0.00      0.09      0.00      0.00     99.89
                all      0.02      0.00      0.07      0.00      0.00     99.91
                all      0.01      0.00      0.08      0.00      0.00     99.91
start----
                all      0.07      0.00      1.42      0.02      0.00     98.49
                all      0.07      0.00      2.68      0.01      0.00     97.24
                all      0.01      0.00      0.08      0.00      0.00     99.90
                all      0.02      0.00      0.08      0.00      0.00     99.90
                all      0.01      0.00      0.08      0.00      0.00     99.91
                all      0.01      0.00      0.08      0.00      0.00     99.91
                all      0.08      0.00      1.74      0.02      0.00     98.16
                all      0.11      0.00      2.30      0.00      0.00     97.58
end------
                all      0.01      0.00      0.05      0.00      0.00     99.94
                all      0.10      0.00      0.47      0.00      0.00     99.43
                all      0.11      0.00      0.46      0.07      0.00     99.36
                all      0.11      0.00      0.47      0.00      0.00     99.41
start----
                all      0.07      0.00      2.13      0.02      0.00     97.78
                all      0.08      0.00      1.90      0.01      0.00     98.02
end------
                all      0.03      0.00      0.13      0.00      0.00     99.85
                all      0.11      0.00      0.46      0.00      0.00     99.42
                all      0.11      0.00      0.46      0.00      0.00     99.42
start----
                all      0.10      0.00      0.43      0.00      0.00     99.47
                all      0.08      0.00      2.59      0.01      0.00     97.32
                all      0.07      0.00      2.98      0.00      0.00     96.95
                all      0.07      0.00      2.25      0.01      0.00     97.68
end------
                all      0.02      0.00      0.12      0.00      0.00     99.86
                all      0.10      0.00      0.47      0.00      0.00     99.43
                all      0.13      0.00      0.54      0.00      0.00     99.33
                all      0.11      0.00      0.46      0.00      0.00     99.43
start----
                all      0.09      0.00      2.14      0.01      0.00     97.76
                all      0.04      0.00      2.99      0.00      0.00     96.97
                all      0.05      0.00      2.64      0.00      0.00     97.31
                all      0.02      0.00      0.07      0.00      0.00     99.90
end------
                all      0.09      0.00      0.38      0.00      0.00     99.54
                all      0.10      0.00      0.46      0.00      0.00     99.43
                all      0.11      0.00      0.47      0.07      0.00     99.34
start----
                all      0.11      0.00      1.32      0.02      0.00     98.56
                all      0.04      0.00      3.02      0.00      0.00     96.94
                all      0.04      0.00      3.00      0.00      0.00     96.96
                all      0.05      0.00      0.67      0.00      0.00     99.28
end------
                all      0.08      0.00      0.33      0.00      0.00     99.59
                all      0.10      0.00      0.46      0.00      0.00     99.43
                all      0.11      0.00      0.46      0.00      0.00     99.42
start----
                all      0.12      0.00      0.98      0.02      0.00     98.88
                all      0.03      0.00      3.02      0.00      0.00     96.95
                all      0.04      0.00      3.20      0.00      0.00     96.76
                all      0.04      0.00      3.60      0.00      0.00     96.36
                all      0.05      0.00      3.12      0.00      0.00     96.83
                all      0.09      0.00      2.93      0.00      0.00     96.97
                all      0.03      0.00      0.07      0.01      0.00     99.90
end------
                all      0.07      0.00      0.33      0.00      0.00     99.59
                all      0.11      0.00      0.46      0.00      0.00     99.43
                all      0.12      0.00      0.45      0.00      0.00     99.43
start----
                all      0.12      0.00      1.14      0.02      0.00     98.73
                all      0.03      0.00      3.02      0.00      0.00     96.95
                all      0.04      0.00      3.20      0.00      0.00     96.76
                all      0.03      0.00      3.55      0.00      0.00     96.42
                all      0.05      0.00      3.06      0.00      0.00     96.88
                all      0.09      0.00      2.67      0.00      0.00     97.24
end------
                all      0.00      0.00      0.05      0.00      0.00     99.95
                all      0.11      0.00      0.45      0.00      0.00     99.44
                all      0.13      0.00      0.45      0.00      0.00     99.42
                all      0.11      0.00      0.46      0.00      0.00     99.43
start----
                all      0.10      0.00      1.80      0.02      0.00     98.08
                all      0.03      0.00      3.01      0.00      0.00     96.96
                all      0.03      0.00      3.35      0.00      0.00     96.62
                all      0.10      0.00      3.40      0.00      0.00     96.49
                all      0.01      0.00      3.04      0.00      0.00     96.94
                all      0.22      0.00      1.78      0.19      0.00     97.81
                all      0.01      0.00      0.04      0.00      0.00     99.94
end------
                all      0.08      0.00      0.42      0.00      0.00     99.49
                all      0.11      0.00      0.46      0.00      0.00     99.42
                all      0.12      0.00      0.46      0.00      0.00     99.42
start----
                all      0.10      0.00      1.63      0.02      0.00     98.25
                all      0.04      0.00      3.00      0.00      0.00     96.96
                all      0.03      0.00      3.32      0.00      0.00     96.66
                all      0.03      0.00      3.55      0.00      0.00     96.42
                all      0.04      0.00      3.52      0.00      0.00     96.44
                all      0.03      0.00      3.57      0.00      0.00     96.39
                all      0.02      0.00      3.41      0.16      0.00     96.41
                all      0.42      0.00      1.99      0.94      0.00     96.65
                all      0.01      0.00      3.07      0.00      0.00     96.92
                all      0.02      0.00      3.02      0.00      0.00     96.97
                all      0.01      0.00      3.02      0.00      0.00     96.97
                all      0.25      0.00      0.94      0.01      0.00     98.81
end------
                all      0.03      0.00      0.16      0.00      0.00     99.81
                all      0.11      0.00      0.45      0.00      0.00     99.44
                all      0.12      0.00      0.53      0.08      0.00     99.27
start----
                all      0.11      0.00      0.43      0.00      0.00     99.46
                all      0.08      0.00      2.73      0.01      0.00     97.17
                all      0.03      0.00      3.01      0.00      0.00     96.96
                all      0.03      0.00      3.49      0.00      0.00     96.47
                all      0.03      0.00      3.49      0.00      0.00     96.48
                all      0.03      0.00      3.56      0.00      0.00     96.41
                all      0.03      0.00      3.50      0.00      0.00     96.47
                all      0.03      0.00      3.07      0.48      0.00     96.41
                all      0.39      0.00      2.48      0.39      0.00     96.74
                all      0.01      0.00      3.02      0.00      0.00     96.97
                all      0.02      0.00      3.02      0.00      0.00     96.96
                all      0.30      0.00      2.73      0.00      0.00     96.97
                all      0.02      0.00      0.08      0.00      0.00     99.90
end------
                all      0.08      0.00      0.38      0.00      0.00     99.54
                all      0.12      0.00      0.45      0.00      0.00     99.44
                all      0.11      0.00      0.45      0.00      0.00     99.44
start----
                all      0.11      0.00      1.38      0.02      0.00     98.49
                all      0.04      0.00      3.02      0.00      0.00     96.95
                all      0.03      0.00      3.17      0.00      0.00     96.80
                all      0.04      0.00      3.57      0.00      0.00     96.39
                all      0.03      0.00      3.59      0.00      0.00     96.38
                all      0.03      0.00      3.58      0.00      0.00     96.39
                all      0.04      0.00      3.58      0.00      0.00     96.38
                all      0.42      0.00      2.00      1.10      0.00     96.48
                all      0.45      0.00      2.71      0.04      0.00     96.80
                all      0.01      0.00      3.02      0.00      0.00     96.97
                all      0.01      0.00      3.02      0.00      0.00     96.97
                all      0.35      0.00      2.22      0.00      0.00     97.43
                all      0.02      0.00      0.06      0.01      0.00     99.91
end------
                all      0.09      0.00      0.39      0.00      0.00     99.53
                all      0.11      0.00      0.45      0.00      0.00     99.43
                all      0.11      0.00      0.46      0.08      0.00     99.35
start----
                all      0.17      0.00      2.49      0.03      0.00     97.31
                all      0.07      0.00      4.86      0.00      0.00     95.06
end------
                all      0.01      0.00      0.06      0.00      0.00     99.92
                all      0.11      0.00      0.46      0.00      0.00     99.43
                all      0.11      0.00      0.45      0.00      0.00     99.43
                all      0.11      0.00      0.47      0.00      0.00     99.42
start----
                all      0.14      0.00      3.63      0.03      0.00     96.20
                all      0.06      0.00      3.60      0.00      0.00     96.34
end------
                all      0.04      0.00      0.16      0.00      0.00     99.80
                all      0.10      0.00      0.46      0.00      0.00     99.44
                all      0.11      0.00      0.46      0.00      0.00     99.42
start----
                all      0.10      0.00      0.43      0.00      0.00     99.47
                all      0.13      0.00      4.98      0.02      0.00     94.87
                all      0.05      0.00      2.24      0.00      0.00     97.71
end------
                all      0.07      0.00      0.25      0.00      0.00     99.68
                all      0.10      0.00      0.48      0.00      0.00     99.42
                all      0.12      0.00      0.45      0.00      0.00     99.43
start----
                all      0.17      0.00      0.74      0.02      0.00     99.07
                all      0.03      0.00      5.95      0.00      0.00     94.02
                all      0.05      0.00      5.93      0.00      0.00     94.02
                all      0.07      0.00      1.80      0.00      0.00     98.13
end------
                all      0.04      0.00      0.21      0.00      0.00     99.75
                all      0.11      0.00      0.45      0.00      0.00     99.44
                all      0.11      0.00      0.45      0.00      0.00     99.43
start----
                all      0.11      0.00      0.41      0.01      0.00     99.47
                all      0.14      0.00      5.76      0.01      0.00     94.09
                all      0.04      0.00      5.94      0.00      0.00     94.02
                all      0.07      0.00      2.36      0.00      0.00     97.58
end------
                all      0.07      0.00      0.28      0.00      0.00     99.64
                all      0.11      0.00      0.46      0.00      0.00     99.43
                all      0.12      0.00      0.45      0.07      0.00     99.36
start----
                all      0.16      0.00      0.64      0.03      0.00     99.17
                all      0.05      0.00      5.94      0.00      0.00     94.02
                all      0.05      0.00      5.94      0.00      0.00     94.01
                all      0.07      0.00      1.86      0.00      0.00     98.07
end------
                all      0.04      0.00      0.19      0.00      0.00     99.77
                all      0.11      0.00      0.45      0.00      0.00     99.44
                all      0.12      0.00      0.45      0.00      0.00     99.43
start----
                all      0.10      0.00      0.41      0.01      0.00     99.49
                all      0.12      0.00      5.51      0.02      0.00     94.35
                all      0.04      0.00      6.08      0.00      0.00     93.88
                all      0.13      0.00      6.39      0.00      0.00     93.47
                all      0.02      0.00      6.02      0.00      0.00     93.96
                all      0.31      0.00      4.50      0.00      0.00     95.18
end------
                all      0.01      0.00      0.08      0.00      0.00     99.91
                all      0.11      0.00      0.47      0.00      0.00     99.42
                all      0.11      0.00      0.46      0.00      0.00     99.43
                all      0.11      0.00      0.46      0.00      0.00     99.44
start----
                all      0.14      0.00      3.84      0.03      0.00     95.99
                all      0.04      0.00      5.97      0.00      0.00     93.99
                all      0.03      0.00      6.47      0.00      0.00     93.50
                all      0.11      0.00      6.07      0.00      0.00     93.82
                all      0.04      0.00      5.94      0.00      0.00     94.01
                all      0.28      0.00      0.36      0.00      0.00     99.36
end------
                all      0.07      0.00      0.27      0.00      0.00     99.66
                all      0.11      0.00      0.46      0.00      0.00     99.42
                all      0.11      0.00      0.46      0.07      0.00     99.36
start----
                all      0.18      0.00      1.13      0.03      0.00     98.66
                all      0.03      0.00      5.95      0.00      0.00     94.02
                all      0.03      0.00      6.21      0.00      0.00     93.76
                all      0.15      0.00      6.28      0.00      0.00     93.57
                all      0.02      0.00      5.98      0.00      0.00     94.00
                all      0.28      0.00      3.32      0.00      0.00     96.40
end------
                all      0.01      0.00      0.06      0.00      0.00     99.93
                all      0.10      0.00      0.46      0.00      0.00     99.43
                all      0.11      0.00      0.46      0.07      0.00     99.36
                all      0.10      0.00      0.46      0.01      0.00     99.43
start----
                all      0.13      0.00      3.94      0.03      0.00     95.90
                all      0.03      0.00      5.98      0.00      0.00     93.99
                all      0.03      0.00      6.48      0.00      0.00     93.49
                all      0.04      0.00      6.55      0.00      0.00     93.41
                all      0.04      0.00      6.55      0.00      0.00     93.41
                all      0.18      0.00      5.06      1.25      0.00     93.52
                all      0.24      0.00      5.77      0.04      0.00     93.95
                all      0.02      0.00      5.97      0.00      0.00     94.01
                all      0.02      0.00      5.99      0.00      0.00     94.00
                all      0.19      0.00      5.47      0.00      0.00     94.35
                all      0.04      0.00      0.07      0.00      0.00     99.89
end------
                all      0.07      0.00      0.31      0.00      0.00     99.62
                all      0.21      0.00      0.57      0.01      0.00     99.22
                all      0.11      0.00      0.46      0.00      0.00     99.43
start----
                all      0.18      0.00      2.05      0.02      0.00     97.74
                all      0.03      0.00      5.97      0.00      0.00     94.00
                all      0.03      0.00      6.29      0.00      0.00     93.68
                all      0.04      0.00      6.48      0.00      0.00     93.47
                all      0.04      0.00      6.53      0.00      0.00     93.43
                all      0.04      0.00      6.52      0.00      0.00     93.44
                all      0.24      0.00      5.15      0.77      0.00     93.84
                all      0.04      0.00      6.04      0.00      0.00     93.91
                all      0.02      0.00      5.97      0.00      0.00     94.01
                all      0.01      0.00      5.97      0.00      0.00     94.01
                all      0.32      0.00      1.01      0.01      0.00     98.67
end------
                all      0.08      0.00      0.30      0.00      0.00     99.62
                all      0.11      0.00      0.45      0.00      0.00     99.44
                all      0.11      0.00      0.45      0.00      0.00     99.43
start----
                all      0.19      0.00      1.48      0.03      0.00     98.31
                all      0.03      0.00      5.96      0.00      0.00     94.01
                all      0.04      0.00      6.26      0.00      0.00     93.70
                all      0.03      0.00      6.48      0.00      0.00     93.49
                all      0.03      0.00      6.49      0.00      0.00     93.47
                all      0.03      0.00      6.54      0.00      0.00     93.43
                all      0.34      0.00      5.20      0.71      0.00     93.75
                all      0.08      0.00      5.98      0.03      0.00     93.90
                all      0.02      0.00      5.97      0.00      0.00     94.02
                all      0.01      0.00      5.97      0.00      0.00     94.02
                all      0.36      0.00      1.83      0.01      0.00     97.80
end------
                all      0.03      0.00      0.17      0.00      0.00     99.80
                all      0.11      0.00      0.46      0.00      0.00     99.43
                all      0.11      0.00      0.45      0.00      0.00     99.44
start----
                all      0.11      0.00      0.40      0.00      0.00     99.49
                all      0.31      0.00     10.19      0.03      0.00     89.47
                all      0.06      0.00      4.44      0.00      0.00     95.51
end------
                all      0.05      0.00      0.24      0.00      0.00     99.71
                all      0.12      0.00      0.45      0.00      0.00     99.43
                all      0.11      0.00      0.45      0.07      0.00     99.37
start----
                all      0.19      0.00      0.96      0.03      0.00     98.83
                all      0.20      0.00     11.54      0.00      0.00     88.26
                all      0.07      0.00      2.50      0.00      0.00     97.43
end------
                all      0.07      0.00      0.30      0.00      0.00     99.63
                all      0.12      0.00      0.44      0.00      0.00     99.44
                all      0.11      0.00      0.46      0.07      0.00     99.36
start----
                all      0.29      0.00      2.63      0.02      0.00     97.06
                all      0.07      0.00     11.81      0.00      0.00     88.12
                all      0.06      0.00      0.49      0.00      0.00     99.46
end------
                all      0.10      0.00      0.36      0.00      0.00     99.53
                all      0.11      0.00      0.46      0.00      0.00     99.43
                all      0.11      0.00      0.46      0.00      0.00     99.42
start----
                all      0.34      0.00      4.50      0.03      0.00     95.14
                all      0.03      0.00     11.84      0.00      0.00     88.13
                all      0.14      0.00     11.73      0.00      0.00     88.12
                all      0.07      0.00      0.35      0.00      0.00     99.58
end------
                all      0.07      0.00      0.27      0.00      0.00     99.66
                all      0.11      0.00      0.45      0.00      0.00     99.44
                all      0.11      0.00      0.46      0.00      0.00     99.43
start----
                all      0.32      0.00      2.36      0.01      0.00     97.30
                all      0.04      0.00     11.85      0.00      0.00     88.11
                all      0.06      0.00     11.82      0.00      0.00     88.13
                all      0.09      0.00      2.46      0.00      0.00     97.45
end------
                all      0.08      0.00      0.29      0.00      0.00     99.63
                all      0.11      0.00      0.45      0.00      0.00     99.44
                all      0.13      0.00      0.44      0.00      0.00     99.43
start----
                all      0.28      0.00      2.63      0.02      0.00     97.07
                all      0.03      0.00     11.85      0.00      0.00     88.12
                all      0.11      0.00     11.77      0.00      0.00     88.12
                all      0.07      0.00      2.30      0.00      0.00     97.62
end------
                all      0.05      0.00      0.22      0.00      0.00     99.73
                all      0.11      0.00      0.45      0.00      0.00     99.43
                all      0.11      0.00      0.46      0.00      0.00     99.44
start----
                all      0.17      0.00      0.82      0.04      0.00     98.97
                all      0.36      0.00     11.29      0.00      0.00     88.35
                all      0.03      0.00     12.05      0.00      0.00     87.92
                all      0.15      0.00     12.17      0.00      0.00     87.68
                all      0.02      0.00     11.86      0.00      0.00     88.12
                all      0.18      0.00      8.40      0.01      0.00     91.41
end------
                all      0.03      0.00      0.10      0.00      0.00     99.88
                all      0.12      0.00      0.46      0.00      0.00     99.42
                all      0.11      0.00      0.46      0.00      0.00     99.42
                all      0.13      0.00      0.44      0.00      0.00     99.43
start----
                all      0.28      0.00      7.65      0.02      0.00     92.06
                all      0.04      0.00     11.87      0.00      0.00     88.09
                all      0.03      0.00     12.39      0.00      0.00     87.58
                all      0.12      0.00     11.85      0.00      0.00     88.03
                all      0.02      0.00     11.86      0.00      0.00     88.12
                all      0.18      0.00      0.76      0.00      0.00     99.06
end------
                all      0.06      0.00      0.27      0.00      0.00     99.67
                all      0.11      0.00      0.46      0.00      0.00     99.42
                all      0.11      0.00      0.45      0.07      0.00     99.37
start----
                all      0.30      0.00      1.90      0.03      0.00     97.77
                all      0.03      0.00     11.84      0.00      0.00     88.13
                all      0.04      0.00     12.14      0.00      0.00     87.83
                all      0.14      0.00     12.11      0.00      0.00     87.75
                all      0.02      0.00     11.85      0.00      0.00     88.13
                all      0.21      0.00      6.74      0.00      0.00     93.05
end------
                all      0.01      0.00      0.06      0.00      0.00     99.93
                all      0.12      0.00      0.45      0.00      0.00     99.44
                all      0.12      0.00      0.45      0.07      0.00     99.36
                all      0.12      0.00      0.46      0.00      0.00     99.42
start----
                all      0.27      0.00      7.50      0.03      0.00     92.21
                all      0.03      0.00     11.87      0.00      0.00     88.10
                all      0.03      0.00     12.39      0.00      0.00     87.58
                all      0.03      0.00     12.37      0.00      0.00     87.60
                all      0.03      0.00     12.42      0.00      0.00     87.55
                all      0.25      0.00     12.08      0.00      0.00     87.66
                all      0.02      0.00     11.91      0.00      0.00     88.07
                all      0.02      0.00     11.86      0.00      0.00     88.12
                all      0.03      0.00     11.86      0.00      0.00     88.11
                all      0.56      0.00      8.60      0.00      0.00     90.84
end------
                all      0.01      0.00      0.05      0.00      0.00     99.94
                all      0.11      0.00      0.46      0.00      0.00     99.43
                all      0.12      0.00      0.45      0.00      0.00     99.43
                all      0.13      0.00      0.44      0.00      0.00     99.43
start----
                all      0.28      0.00      7.50      0.01      0.00     92.20
                all      0.03      0.00     11.87      0.00      0.00     88.10
                all      0.03      0.00     12.41      0.00      0.00     87.56
                all      0.03      0.00     12.42      0.00      0.00     87.55
                all      0.03      0.00     12.48      0.00      0.00     87.49
                all      0.23      0.00     12.10      0.00      0.00     87.67
                all      0.03      0.00     11.91      0.00      0.00     88.06
                all      0.02      0.00     11.87      0.00      0.00     88.12
                all      0.01      0.00     11.86      0.00      0.00     88.12
                all      0.43      0.00      8.70      0.00      0.00     90.87
end------
                all      0.02      0.00      0.04      0.00      0.00     99.93
                all      0.12      0.00      0.43      0.00      0.00     99.45
                all      0.11      0.00      0.45      0.00      0.00     99.43
                all      0.12      0.00      0.45      0.00      0.00     99.43
start----
                all      0.30      0.00      5.34      0.02      0.00     94.34
                all      0.03      0.00     11.85      0.00      0.00     88.12
                all      0.04      0.00     12.26      0.00      0.00     87.70
                all      0.04      0.00     12.35      0.00      0.00     87.61
                all      0.06      0.00     12.42      0.00      0.00     87.52
                all      0.10      0.00     12.25      0.00      0.00     87.64
                all      0.02      0.00     11.96      0.00      0.00     88.01
                all      0.01      0.00     11.87      0.00      0.00     88.12
                all      0.02      0.00     11.86      0.00      0.00     88.12
                all      0.50      0.00     10.78      0.00      0.00     88.71
                all      0.02      0.00      0.08      0.01      0.00     99.89
end------
                all      0.09      0.00      0.35      0.00      0.00     99.56
                all      0.13      0.00      0.44      0.00      0.00     99.43
                all      0.13      0.00      0.44      0.00      0.00     99.43
start----
                all      0.64      0.00      4.43      0.07      0.00     94.87
                all      0.15      0.00     23.50      0.00      0.00     76.35
                all      0.12      0.00      2.34      0.01      0.00     97.53
end------
                all      0.13      0.00      0.45      0.01      0.00     99.42
                all      0.22      0.00      0.65      0.00      0.00     99.13
                all      0.14      0.00      0.47      0.01      0.00     99.38
start----
                all      0.67      0.00      5.97      0.13      0.00     93.23
                all      0.17      0.00     23.51      0.00      0.00     76.33
                all      0.12      0.00      1.05      0.02      0.00     98.81
end------
                all      0.10      0.00      0.38      0.01      0.00     99.51
                all      0.18      0.00      0.55      0.02      0.00     99.24
                all      0.13      0.00      0.45      0.00      0.00     99.43
start----
                all      0.65      0.00      3.17      0.12      0.00     96.06
                all      0.17      0.00     23.45      0.00      0.00     76.38
                all      0.14      0.00      3.74      0.01      0.00     96.11
end------
                all      0.08      0.00      0.29      0.00      0.00     99.63
                all      0.13      0.00      0.45      0.00      0.00     99.42
                all      0.13      0.00      0.44      0.00      0.00     99.43
start----
                all      0.70      0.00      3.09      0.04      0.00     96.16
                all      0.03      0.00     23.63      0.00      0.00     76.33
                all      0.15      0.00     23.52      0.00      0.00     76.34
                all      0.15      0.00      6.64      0.01      0.00     93.20
end------
                all      0.05      0.00      0.19      0.00      0.00     99.76
                all      0.13      0.00      0.44      0.00      0.00     99.43
                all      0.13      0.00      0.44      0.00      0.00     99.43
start----
                all      0.11      0.00      0.40      0.01      0.00     99.48
                all      0.70      0.00     19.95      0.05      0.00     79.30
                all      0.17      0.00     23.51      0.00      0.00     76.32
                all      0.14      0.00     13.06      0.00      0.00     86.81
end------
                all      0.03      0.00      0.12      0.00      0.00     99.85
                all      0.13      0.00      0.44      0.00      0.00     99.43
                all      0.13      0.00      0.44      0.07      0.00     99.36
start----
                all      0.11      0.00      0.41      0.00      0.00     99.48
                all      0.66      0.00     18.19      0.06      0.00     81.09
                all      0.15      0.00     23.50      0.00      0.00     76.34
                all      0.13      0.00     15.20      0.00      0.00     84.67
                all      0.01      0.00      0.04      0.00      0.00     99.95
end------
                all      0.11      0.00      0.41      0.00      0.00     99.47
                all      0.12      0.00      0.45      0.08      0.00     99.35
                all      0.13      0.00      0.46      0.06      0.00     99.34
start----
                all      0.69      0.00     11.35      0.03      0.00     87.93
                all      0.03      0.00     23.64      0.00      0.00     76.33
                all      0.04      0.00     24.16      0.00      0.00     75.81
                all      0.18      0.00     23.63      0.00      0.00     76.18
                all      0.01      0.00     23.66      0.00      0.00     76.33
                all      0.28      0.00      5.56      0.00      0.00     94.16
end------
                all      0.07      0.00      0.26      0.00      0.00     99.67
                all      0.13      0.00      0.44      0.00      0.00     99.43
                all      0.13      0.00      0.44      0.00      0.00     99.42
start----
                all      0.41      0.00      1.96      0.04      0.00     97.58
                all      0.39      0.00     23.24      0.01      0.00     76.36
                all      0.04      0.00     23.90      0.00      0.00     76.07
                all      0.17      0.00     23.92      0.00      0.00     75.91
                all      0.02      0.00     23.66      0.00      0.00     76.32
                all      0.18      0.00     15.69      0.00      0.00     84.12
end------
                all      0.01      0.00      0.07      0.00      0.00     99.92
                all      0.13      0.00      0.46      0.00      0.00     99.42
                all      0.13      0.00      0.43      0.02      0.00     99.42
                all      0.13      0.00      0.44      0.00      0.00     99.43
start----
                all      0.67      0.00     14.44      0.04      0.00     84.85
                all      0.03      0.00     23.66      0.00      0.00     76.31
                all      0.04      0.00     24.14      0.00      0.00     75.81
                all      0.20      0.00     23.26      0.02      0.00     76.52
                all      0.03      0.00     23.64      0.00      0.00     76.33
                all      0.39      0.00      1.83      0.00      0.00     97.78
end------
                all      0.09      0.00      0.32      0.00      0.00     99.59
                all      0.13      0.00      0.45      0.00      0.00     99.42
                all      0.14      0.00      0.42      0.00      0.00     99.43
start----
                all      0.66      0.00      5.62      0.05      0.00     93.67
                all      0.04      0.00     23.63      0.00      0.00     76.32
                all      0.04      0.00     24.01      0.00      0.00     75.95
                all      0.03      0.00     24.18      0.00      0.00     75.79
                all      0.03      0.00     24.15      0.00      0.00     75.82
                all      0.03      0.00     24.25      0.00      0.00     75.72
                all      0.28      0.00     23.51      0.01      0.00     76.21
                all      0.02      0.00     23.66      0.00      0.00     76.32
                all      0.02      0.00     23.67      0.00      0.00     76.31
                all      0.02      0.00     23.65      0.00      0.00     76.33
                all      0.33      0.00      2.35      0.00      0.00     97.32
end------
                all      0.06      0.00      0.23      0.00      0.00     99.70
                all      0.13      0.00      0.44      0.00      0.00     99.43
                all      0.14      0.00      0.43      0.00      0.00     99.44
start----
                all      0.31      0.00      1.48      0.03      0.00     98.18
                all      0.42      0.00     22.81      0.01      0.00     76.77
                all      0.03      0.00     23.90      0.00      0.00     76.07
                all      0.03      0.00     24.24      0.00      0.00     75.73
                all      0.04      0.00     24.16      0.00      0.00     75.80
                all      0.04      0.00     24.15      0.00      0.00     75.81
                all      0.33      0.00     23.46      0.00      0.00     76.21
                all      0.02      0.00     23.65      0.00      0.00     76.33
                all      0.02      0.00     23.66      0.00      0.00     76.32
                all      0.01      0.00     23.65      0.00      0.00     76.33
                all      0.50      0.00      7.10      0.00      0.00     92.40
end------
                all      0.04      0.00      0.16      0.00      0.00     99.80
                all      0.14      0.00      0.43      0.00      0.00     99.43
                all      0.13      0.00      0.44      0.07      0.00     99.36
start----
                all      0.13      0.00      0.40      0.01      0.00     99.46
                all      0.72      0.00     18.77      0.04      0.00     80.47
                all      0.05      0.00     23.77      0.00      0.00     76.18
                all      0.03      0.00     24.15      0.01      0.00     75.80
                all      0.03      0.00     24.15      0.00      0.00     75.81
                all      0.04      0.00     24.17      0.00      0.00     75.79
                all      0.31      0.00     23.58      0.00      0.00     76.10
                all      0.01      0.00     23.65      0.00      0.00     76.33
                all      0.01      0.00     23.66      0.00      0.00     76.33
                all      0.02      0.00     23.66      0.00      0.00     76.32
                all      0.42      0.00     12.22      0.00      0.00     87.36
end------
                all      0.01      0.00      0.07      0.00      0.00     99.92
                all      0.14      0.00      0.42      0.00      0.00     99.44
                all      0.14      0.00      0.43      0.07      0.00     99.36
                all      0.15      0.00      0.52      0.00      0.00     99.32
start----
                all      2.27      0.00     22.69      0.06      0.00     74.98
                all      0.78      0.00     46.27      0.00      0.00     52.96
                all      0.35      0.00      3.81      0.00      0.00     95.84
end------
                all      0.09      0.00      0.27      0.00      0.00     99.64
                all      0.13      0.00      0.45      0.00      0.00     99.42
                all      0.14      0.00      0.43      0.00      0.00     99.43
start----
                all      0.97      0.00      5.28      0.08      0.00     93.67
                all      2.02      0.00     43.19      0.00      0.00     54.79
                all      0.52      0.00     24.54      0.00      0.00     74.93
end------
                all      0.03      0.00      0.11      0.00      0.00     99.86
                all      0.13      0.00      0.44      0.00      0.00     99.43
                all      0.13      0.00      0.44      0.08      0.00     99.34
start----
                all      0.13      0.00      0.40      0.00      0.00     99.46
                all      2.30      0.00     28.67      0.15      0.00     68.88
                all      1.05      0.00     44.68      0.00      0.00     54.27
                all      0.03      0.00      0.34      0.00      0.00     99.63
end------
                all      0.10      0.00      0.36      0.00      0.00     99.54
                all      0.14      0.00      0.43      0.00      0.00     99.44
                all      0.14      0.00      0.43      0.06      0.00     99.37
start----
                all      1.69      0.00      8.98      0.08      0.00     89.24
                all      0.69      0.00     45.82      0.01      0.00     53.48
                all      0.59      0.00     46.41      0.00      0.00     53.00
                all      0.55      0.00     31.86      0.00      0.00     67.59
end------
                all      0.02      0.00      0.07      0.00      0.00     99.91
                all      0.13      0.00      0.44      0.00      0.00     99.43
                all      0.15      0.00      0.42      0.00      0.00     99.42
                all      0.13      0.00      0.44      0.00      0.00     99.43
start----
                all      2.24      0.00     20.70      0.06      0.00     77.00
                all      0.03      0.00     47.22      0.00      0.00     52.74
                all      0.58      0.00     46.45      0.00      0.00     52.96
                all      0.52      0.00     19.42      0.00      0.00     80.06
end------
                all      0.02      0.00      0.08      0.00      0.00     99.90
                all      0.13      0.00      0.43      0.00      0.00     99.44
                all      0.14      0.00      0.43      0.07      0.00     99.36
                all      0.13      0.00      0.44      0.00      0.00     99.44
start----
                all      2.21      0.00     24.99      0.05      0.00     72.76
                all      0.03      0.00     47.23      0.00      0.00     52.74
                all      0.61      0.00     46.39      0.00      0.00     53.00
                all      0.55      0.00     13.99      0.00      0.00     85.45
end------
                all      0.06      0.00      0.20      0.00      0.00     99.74
                all      0.13      0.00      0.44      0.00      0.00     99.44
                all      0.13      0.00      0.44      0.06      0.00     99.37
start----
                all      0.17      0.00      0.96      0.02      0.00     98.85
                all      2.29      0.00     38.57      0.03      0.00     59.11
                all      0.03      0.00     47.24      0.00      0.00     52.73
                all      0.04      0.00     47.84      0.00      0.00     52.12
                all      0.59      0.00     46.54      0.00      0.00     52.88
                all      0.04      0.00     47.25      0.00      0.00     52.70
                all      0.61      0.00     26.89      0.00      0.00     72.50
end------
                all      0.01      0.00      0.04      0.00      0.00     99.95
                all      0.13      0.00      0.41      0.00      0.00     99.46
                all      0.14      0.00      0.42      0.03      0.00     99.41
                all      0.13      0.00      0.44      0.04      0.00     99.39
start----
                all      2.40      0.00     16.49      0.05      0.00     81.06
                all      0.03      0.00     47.23      0.00      0.00     52.74
                all      0.04      0.00     47.55      0.00      0.00     52.41
                all      0.57      0.00     46.75      0.00      0.00     52.68
                all      0.02      0.00     47.24      0.00      0.00     52.74
                all      0.64      0.00     46.55      0.00      0.00     52.81
                all      0.05      0.00      2.67      0.00      0.00     97.27
end------
                all      0.10      0.00      0.35      0.00      0.00     99.54
                all      0.12      0.00      0.44      0.00      0.00     99.44
                all      0.13      0.00      0.43      0.00      0.00     99.43
start----
                all      1.06      0.00      5.87      0.06      0.00     93.02
                all      1.08      0.00     45.34      0.02      0.00     53.56
                all      0.03      0.00     47.40      0.00      0.00     52.57
                all      0.23      0.00     47.62      0.00      0.00     52.15
                all      0.47      0.00     46.31      0.00      0.00     53.22
                all      0.02      0.00     47.24      0.00      0.00     52.74
                all      0.82      0.00     14.68      0.01      0.00     84.50
end------
                all      0.03      0.00      0.10      0.00      0.00     99.87
                all      0.12      0.00      0.44      0.00      0.00     99.44
                all      0.12      0.00      0.45      0.00      0.00     99.43
start----
                all      0.12      0.00      0.43      0.00      0.00     99.45
                all      2.12      0.00     27.45      0.06      0.00     70.37
                all      0.04      0.00     47.25      0.00      0.00     52.71
                all      0.04      0.00     47.69      0.00      0.00     52.28
                all      0.04      0.00     47.82      0.00      0.00     52.14
                all      0.03      0.00     47.84      0.00      0.00     52.13
                all      0.03      0.00     47.82      0.00      0.00     52.14
                all      0.60      0.00     45.92      0.01      0.00     53.47
                all      0.02      0.00     47.27      0.00      0.00     52.71
                all      0.02      0.00     47.26      0.00      0.00     52.72
                all      0.02      0.00     47.26      0.00      0.00     52.72
                all      1.18      0.00     45.60      0.00      0.00     53.22
                all      0.04      0.00      1.14      0.00      0.00     98.82
end------
                all      0.07      0.00      0.25      0.00      0.00     99.68
                all      0.14      0.00      0.43      0.00      0.00     99.44
                all      0.13      0.00      0.43      0.07      0.00     99.37
start----
                all      0.34      0.00      4.14      0.06      0.00     95.46
                all      2.07      0.00     39.17      0.03      0.00     58.73
                all      0.04      0.00     47.30      0.00      0.00     52.67
                all      0.03      0.00     47.83      0.00      0.00     52.14
                all      0.04      0.00     47.81      0.00      0.00     52.15
                all      0.04      0.00     47.82      0.00      0.00     52.14
                all      0.04      0.00     47.85      0.00      0.00     52.11
                all      0.63      0.00     46.21      0.00      0.00     53.15
                all      0.02      0.00     47.24      0.00      0.00     52.74
                all      0.02      0.00     47.24      0.00      0.00     52.73
                all      0.01      0.00     47.24      0.00      0.00     52.75
                all      0.86      0.00     31.74      0.00      0.00     67.40
end------
                all      0.01      0.00      0.03      0.00      0.00     99.97
                all      0.13      0.00      0.44      0.00      0.00     99.44
                all      0.14      0.00      0.43      0.00      0.00     99.44
                all      0.13      0.00      0.43      0.00      0.00     99.44
start----
                all      2.39      0.00     20.35      0.08      0.00     77.17
                all      0.03      0.00     47.22      0.00      0.00     52.75
                all      0.05      0.00     47.58      0.00      0.00     52.37
                all      0.04      0.00     47.83      0.00      0.00     52.14
                all      0.03      0.00     47.81      0.00      0.00     52.16
                all      0.04      0.00     47.80      0.00      0.00     52.16
                all      0.59      0.00     46.42      0.00      0.00     52.98
                all      0.02      0.00     47.25      0.00      0.00     52.74
                all      0.02      0.00     47.25      0.00      0.00     52.73
                all      0.01      0.00     47.24      0.00      0.00     52.75
                all      0.11      0.00     47.15      0.00      0.00     52.74
                all      0.81      0.00      6.40      0.00      0.00     92.78
end------
                all      0.05      0.00      0.19      0.00      0.00     99.77
                all      0.13      0.00      0.44      0.00      0.00     99.44
                all      0.13      0.00      0.44      0.07      0.00     99.36
start----
                all      0.13      0.00      0.48      0.00      0.00     99.39
                all      9.53      0.00     44.74      0.15      0.00     45.59
                all      2.28      0.00     90.67      0.00      0.00      7.05
                all      4.67      0.00     86.86      0.00      0.00      8.47
                all      0.07      0.00     10.04      0.00      0.00     89.89
end------
                all      0.03      0.00      0.13      0.00      0.00     99.83
                all      0.14      0.00      0.42      0.00      0.00     99.44
                all      0.13      0.00      0.44      0.00      0.00     99.42
start----
                all      0.14      0.00      0.42      0.00      0.00     99.44
                all      4.49      0.00     31.36      0.10      0.00     64.04
                all      5.22      0.00     85.61      0.07      0.00      9.10
                all      3.39      0.00     89.66      0.00      0.00      6.95
                all      3.54      0.00     25.09      0.00      0.00     71.37
end------
                all      0.03      0.00      0.08      0.00      0.00     99.89
                all      0.12      0.00      0.44      0.00      0.00     99.44
                all      0.13      0.00      0.46      0.07      0.00     99.34
                all      0.13      0.00      0.44      0.00      0.00     99.43
start----
                all      4.01      0.00     33.66      0.39      0.00     61.94
                all      5.36      0.00     85.70      0.03      0.00      8.91
                all      3.08      0.00     90.52      0.00      0.00      6.39
                all      3.66      0.00     30.75      0.00      0.00     65.59
                all      0.01      0.00      0.04      0.00      0.00     99.94
end------
                all      0.11      0.00      0.39      0.00      0.00     99.49
                all      0.12      0.00      0.44      0.00      0.00     99.44
                all      0.13      0.00      0.44      0.00      0.00     99.43
start----
                all      3.14      0.00     13.71      0.12      0.00     83.03
                all      6.71      0.00     79.26      0.03      0.00     14.00
                all      0.04      0.00     94.36      0.00      0.00      5.61
                all      3.11      0.00     90.11      0.00      0.00      6.77
                all      0.03      0.00     94.36      0.00      0.00      5.61
                all      3.83      0.00     35.76      0.01      0.00     60.40
end------
                all      0.00      0.00      0.03      0.00      0.00     99.97
                all      0.13      0.00      0.43      0.00      0.00     99.44
                all      0.13      0.00      0.44      0.06      0.00     99.37
                all      0.13      0.00      0.44      0.01      0.00     99.42
start----
                all      3.30      0.00     27.57      0.37      0.00     68.76
                all      6.62      0.00     80.17      0.05      0.00     13.16
                all      0.04      0.00     94.36      0.00      0.00      5.61
                all      3.13      0.00     90.29      0.00      0.00      6.58
                all      0.29      0.00     94.00      0.00      0.00      5.71
                all      3.44      0.00     23.68      0.00      0.00     72.87
end------
                all      0.03      0.00      0.10      0.00      0.00     99.87
                all      0.13      0.00      0.44      0.00      0.00     99.43
                all      0.12      0.00      0.45      0.00      0.00     99.42
start----
                all      0.12      0.00      0.44      0.00      0.00     99.44
                all      4.42      0.00     33.16      0.26      0.00     62.16
                all      5.16      0.00     86.65      0.02      0.00      8.16
                all      0.08      0.00     94.34      0.00      0.00      5.57
                all      3.10      0.00     90.32      0.00      0.00      6.58
                all      3.69      0.00     89.97      0.00      0.00      6.34
                all      0.09      0.00     15.63      0.00      0.00     84.28
end------
                all      0.01      0.00      0.04      0.00      0.00     99.95
                all      0.12      0.00      0.45      0.00      0.00     99.43
                all      0.14      0.00      0.44      0.00      0.00     99.43
                all      0.13      0.00      0.45      0.00      0.00     99.42
start----
                all      3.89      0.00     28.06      0.25      0.00     67.80
                all      6.17      0.00     84.70      0.06      0.00      9.07
                all      0.04      0.00     94.35      0.00      0.00      5.60
                all      0.04      0.00     94.52      0.00      0.00      5.44
                all      0.04      0.00     94.73      0.00      0.00      5.23
                all      3.23      0.00     90.27      0.00      0.00      6.50
                all      0.05      0.00     94.42      0.00      0.00      5.53
                all      0.03      0.00     94.35      0.00      0.00      5.62
                all      3.81      0.00     79.15      0.00      0.00     17.04
                all      0.03      0.00      0.84      0.00      0.00     99.12
end------
                all      0.09      0.00      0.31      0.00      0.00     99.60
                all      0.13      0.00      0.44      0.00      0.00     99.44
                all      0.13      0.00      0.44      0.00      0.00     99.42
start----
                all      0.47      0.00      6.61      0.19      0.00     92.73
                all      9.67      0.00     52.15      0.10      0.00     38.08
                all      0.04      0.00     94.36      0.00      0.00      5.61
                all      0.05      0.00     94.34      0.00      0.00      5.61
                all      0.04      0.00     94.65      0.00      0.00      5.31
                all      3.06      0.00     91.72      0.00      0.00      5.22
                all      0.46      0.00     91.19      0.00      0.00      8.34
                all      0.03      0.00     94.37      0.00      0.00      5.60
                all      0.03      0.00     94.34      0.00      0.00      5.63
                all      5.64      0.00     35.07      0.00      0.00     59.29
                all      0.02      0.00      0.06      0.00      0.00     99.91
end------
                all      0.12      0.00      0.36      0.00      0.00     99.52
                all      0.14      0.00      0.44      0.00      0.00     99.43
                all      0.12      0.00      0.45      0.07      0.00     99.35
start----
                all      1.03      0.00     11.16      0.04      0.00     87.78
                all      8.40      0.00     74.58      0.16      0.00     16.86
                all      0.04      0.00     94.36      0.00      0.00      5.60
                all      0.04      0.00     94.43      0.00      0.00      5.52
                all      0.04      0.00     94.73      0.00      0.00      5.23
                all      3.11      0.00     90.27      0.00      0.00      6.62
                all      0.03      0.00     94.36      0.00      0.00      5.61
                all      0.03      0.00     94.35      0.00      0.00      5.62
                all      3.89      0.00     89.35      0.00      0.00      6.76
                all      0.08      0.00     11.07      0.00      0.00     88.84
end------
                all      0.02      0.00      0.09      0.00      0.00     99.89
                all      0.13      0.00      0.44      0.00      0.00     99.43
                all      0.13      0.00      0.44      0.07      0.00     99.36
start----
                all      0.12      0.00      0.46      0.00      0.00     99.42
                all      4.25      0.00     34.15      0.20      0.00     61.40
                all      5.19      0.00     86.76      0.07      0.00      7.98
                all      0.04      0.00     94.36      0.00      0.00      5.60
                all      0.04      0.00     94.55      0.00      0.00      5.41
                all      0.03      0.00     94.71      0.00      0.00      5.26
                all      0.04      0.00     94.73      0.00      0.00      5.23
                all      0.04      0.00     94.74      0.00      0.00      5.21
                all      0.04      0.00     94.75      0.00      0.00      5.21
                all      0.04      0.00     94.69      0.00      0.00      5.27
                all      3.59      0.00     90.13      0.00      0.00      6.27
                all      0.03      0.00     94.35      0.00      0.00      5.62
                all      0.05      0.00     94.37      0.00      0.00      5.58
                all      0.03      0.00     94.34      0.00      0.00      5.62
                all      0.03      0.00     94.36      0.00      0.00      5.61
                all      0.03      0.00     94.35      0.00      0.00      5.62
                all      3.85      0.00     89.84      0.00      0.00      6.30
                all      0.08      0.00     12.77      0.00      0.00     87.15
end------
                all      0.03      0.00      0.11      0.00      0.00     99.86
                all      0.13      0.00      0.45      0.00      0.00     99.42
                all      0.13      0.00      0.45      0.00      0.00     99.42
                all      0.12      0.00      0.45      0.00      0.00     99.43
start----
                all      4.01      0.00     31.19      0.15      0.00     64.65
                all      5.20      0.00     85.54      0.05      0.00      9.21
                all      0.04      0.00     94.36      0.00      0.00      5.60
                all      0.03      0.00     94.54      0.00      0.00      5.43
                all      0.08      0.00     94.89      0.00      0.00      5.03
                all      0.04      0.00     94.73      0.00      0.00      5.24
                all      0.03      0.00     94.71      0.00      0.00      5.26
                all      0.04      0.00     94.70      0.00      0.00      5.26
                all      0.04      0.00     94.77      0.00      0.00      5.18
                all      4.52      0.00     88.89      0.00      0.00      6.59
                all      0.03      0.00     94.35      0.00      0.00      5.62
                all      0.03      0.00     94.36      0.00      0.00      5.62
                all      0.03      0.00     94.35      0.00      0.00      5.62
                all      0.03      0.00     94.35      0.00      0.00      5.63
                all      0.03      0.00     94.36      0.00      0.00      5.61
                all      3.94      0.00     89.88      0.00      0.00      6.17
                all      0.08      0.00     17.13      0.00      0.00     82.79
end------
                all      0.05      0.00      0.16      0.00      0.00     99.79
                all      0.13      0.00      0.45      0.00      0.00     99.42
                all      0.13      0.00      0.45      0.00      0.00     99.42
start----
                all      0.13      0.00      0.41      0.00      0.00     99.47
                all      5.78      0.00     37.47      0.09      0.00     56.66
                all      5.46      0.00     85.24      0.06      0.00      9.24
                all      0.03      0.00     94.37      0.00      0.00      5.59
                all      0.04      0.00     94.58      0.00      0.00      5.38
                all      0.04      0.00     94.72      0.00      0.00      5.24
                all      0.04      0.00     94.72      0.00      0.00      5.23
                all      0.04      0.00     94.74      0.00      0.00      5.22
                all      0.04      0.00     94.74      0.00      0.00      5.22
                all      0.04      0.00     94.72      0.00      0.00      5.24
                all      3.28      0.00     88.29      0.00      0.00      8.43
                all      0.03      0.00     94.36      0.00      0.00      5.62
                all      0.03      0.00     94.36      0.00      0.00      5.60
                all      0.03      0.00     94.35      0.00      0.00      5.62
                all      0.03      0.00     94.34      0.00      0.00      5.63
                all      0.03      0.00     94.36      0.00      0.00      5.61
                all      5.07      0.00     86.82      0.00      0.00      8.12
                all      0.07      0.00      5.89      0.00      0.00     94.04
end------
                all      0.03      0.00      0.13      0.00      0.00     99.84
                all      0.13      0.00      0.45      0.00      0.00     99.43
                all      0.13      0.00      0.44      0.07      0.00     99.35
                all      0.13      0.00      0.41      0.00      0.00     99.46
End of data collecting unexpected
