
Linux 5.2.8200225+ (knl03.kisti.re.kr) 	2020년 03월 30일 	_x86_64_	(272 CPU)

                CPU     %user     %nice   %system   %iowait    %steal     %idle
                all      0.02      0.00      0.10      0.00      0.00     99.87
                all      0.02      0.00      0.08      0.15      0.00     99.74
                all      0.02      0.00      0.08      0.36      0.00     99.54
                all      0.32      0.00      0.10      0.37      0.00     99.21
                all      0.36      0.00      0.10      0.35      0.00     99.19
                all      0.02      0.00      0.14      0.26      0.00     99.59
                all      0.02      0.00      0.11      0.07      0.00     99.79
                all      0.03      0.00      0.11      0.00      0.00     99.86
                all      0.08      0.00      0.16      0.08      0.00     99.68
                all      0.02      0.00      0.23      0.01      0.00     99.73
                all      0.01      0.00      0.07      0.00      0.00     99.91
                all      0.01      0.00      0.07      0.00      0.00     99.91
start----
                all      0.02      0.00      0.08      0.00      0.00     99.89
                all      0.10      0.00      2.46      0.01      0.00     97.42
                all      0.05      0.00      1.16      0.00      0.00     98.79
end------
                all      0.06      0.00      0.24      0.00      0.00     99.70
                all      0.11      0.00      0.46      0.00      0.00     99.43
                all      0.11      0.00      0.46      0.07      0.00     99.36
start----
                all      0.14      0.00      0.55      0.01      0.00     99.30
                all      0.04      0.00      2.99      0.00      0.00     96.96
                all      0.04      0.00      0.32      0.00      0.00     99.63
end------
                all      0.09      0.00      0.36      0.00      0.00     99.55
                all      0.11      0.00      0.47      0.00      0.00     99.42
                all      0.12      0.00      0.45      0.07      0.00     99.36
start----
                all      0.12      0.00      1.29      0.02      0.00     98.58
                all      0.08      0.00      2.42      0.01      0.00     97.49
end------
                all      0.01      0.00      0.05      0.00      0.00     99.94
                all      0.13      0.00      0.45      0.00      0.00     99.42
                all      0.12      0.00      0.46      0.08      0.00     99.34
                all      0.11      0.00      0.46      0.00      0.00     99.42
start----
                all      0.09      0.00      2.01      0.02      0.00     97.88
                all      0.07      0.00      2.97      0.00      0.00     96.96
                all      0.05      0.00      2.06      0.01      0.00     97.87
end------
                all      0.02      0.00      0.10      0.00      0.00     99.88
                all      0.10      0.00      0.46      0.00      0.00     99.43
                all      0.11      0.00      0.47      0.00      0.00     99.42
start----
                all      0.11      0.00      0.46      0.00      0.00     99.43
                all      0.08      0.00      2.33      0.02      0.00     97.58
                all      0.06      0.00      2.97      0.00      0.00     96.97
                all      0.06      0.00      1.61      0.01      0.00     98.32
end------
                all      0.01      0.00      0.07      0.00      0.00     99.92
                all      0.11      0.00      0.46      0.00      0.00     99.42
                all      0.11      0.00      0.47      0.08      0.00     99.34
                all      0.12      0.00      0.45      0.00      0.00     99.43
start----
                all      0.08      0.00      2.12      0.02      0.00     97.78
                all      0.08      0.00      2.96      0.00      0.00     96.96
                all      0.05      0.00      1.86      0.00      0.00     98.09
end------
                all      0.00      0.00      0.03      0.00      0.00     99.97
                all      0.10      0.00      0.48      0.00      0.00     99.42
                all      0.11      0.00      0.46      0.06      0.00     99.37
                all      0.11      0.00      0.46      0.01      0.00     99.42
start----
                all      0.09      0.00      1.96      0.02      0.00     97.93
                all      0.03      0.00      3.01      0.00      0.00     96.96
                all      0.03      0.00      3.54      0.00      0.00     96.43
                all      0.14      0.00      3.29      0.00      0.00     96.57
                all      0.02      0.00      3.01      0.00      0.00     96.97
                all      0.05      0.00      0.14      0.01      0.00     99.80
end------
                all      0.07      0.00      0.27      0.00      0.00     99.66
                all      0.10      0.00      0.46      0.00      0.00     99.43
                all      0.11      0.00      0.47      0.08      0.00     99.35
start----
                all      0.14      0.00      0.79      0.02      0.00     99.05
                all      0.03      0.00      3.00      0.00      0.00     96.97
                all      0.03      0.00      3.23      0.00      0.00     96.74
                all      0.10      0.00      3.41      0.00      0.00     96.48
                all      0.02      0.00      3.03      0.00      0.00     96.95
                all      0.07      0.00      1.36      0.00      0.00     98.57
end------
                all      0.05      0.00      0.23      0.00      0.00     99.72
                all      0.10      0.00      0.46      0.00      0.00     99.44
                all      0.12      0.00      0.45      0.00      0.00     99.42
start----
                all      0.10      0.00      0.41      0.01      0.00     99.48
                all      0.06      0.00      2.94      0.01      0.00     96.99
                all      0.03      0.00      3.13      0.00      0.00     96.84
                all      0.03      0.00      3.61      0.00      0.00     96.36
                all      0.07      0.00      3.06      0.00      0.00     96.87
                all      0.18      0.00      1.87      0.00      0.00     97.95
end------
                all      0.00      0.00      0.04      0.00      0.00     99.95
                all      0.12      0.00      0.46      0.00      0.00     99.42
                all      0.12      0.00      0.45      0.00      0.00     99.42
                all      0.11      0.00      0.46      0.00      0.00     99.43
start----
                all      0.08      0.00      1.88      0.02      0.00     98.02
                all      0.03      0.00      3.01      0.00      0.00     96.96
                all      0.03      0.00      3.46      0.00      0.00     96.50
                all      0.03      0.00      3.49      0.00      0.00     96.48
                all      0.03      0.00      3.48      0.00      0.00     96.49
                all      0.04      0.00      3.47      0.00      0.00     96.49
                all      0.03      0.00      2.04      1.38      0.00     96.56
                all      0.26      0.00      2.58      0.35      0.00     96.81
                all      0.02      0.00      3.02      0.00      0.00     96.96
                all      0.03      0.00      3.02      0.00      0.00     96.96
                all      0.10      0.00      1.06      0.01      0.00     98.84
end------
                all      0.06      0.00      0.24      0.00      0.00     99.70
                all      0.11      0.00      0.46      0.00      0.00     99.42
                all      0.13      0.00      0.46      0.00      0.00     99.42
start----
                all      0.14      0.00      0.62      0.02      0.00     99.23
                all      0.03      0.00      3.03      0.00      0.00     96.93
                all      0.03      0.00      3.18      0.00      0.00     96.80
                all      0.04      0.00      3.51      0.00      0.00     96.45
                all      0.03      0.00      3.49      0.00      0.00     96.47
                all      0.04      0.00      3.49      0.00      0.00     96.47
                all      0.03      0.00      2.83      0.67      0.00     96.47
                all      0.59      0.00      1.84      1.15      0.00     96.41
                all      0.02      0.00      3.10      0.00      0.00     96.88
                all      0.02      0.00      3.03      0.00      0.00     96.95
                all      0.14      0.00      2.93      0.00      0.00     96.93
                all      0.22      0.00      0.14      0.00      0.00     99.63
end------
                all      0.10      0.00      0.36      0.00      0.00     99.54
                all      0.11      0.00      0.46      0.00      0.00     99.43
                all      0.10      0.00      0.46      0.00      0.00     99.43
start----
                all      0.13      0.00      1.27      0.03      0.00     98.58
                all      0.04      0.00      3.02      0.00      0.00     96.94
                all      0.04      0.00      3.28      0.00      0.00     96.68
                all      0.03      0.00      3.62      0.00      0.00     96.35
                all      0.03      0.00      3.64      0.00      0.00     96.33
                all      0.03      0.00      3.58      0.00      0.00     96.39
                all      0.06      0.00      2.66      0.88      0.00     96.41
                all      0.16      0.00      2.52      0.58      0.00     96.74
                all      0.01      0.00      3.04      0.00      0.00     96.94
                all      0.01      0.00      3.03      0.00      0.00     96.96
                all      0.53      0.00      1.44      0.00      0.00     98.03
end------
                all      0.01      0.00      0.03      0.00      0.00     99.96
                all      0.11      0.00      0.44      0.00      0.00     99.45
                all      0.12      0.00      0.46      0.00      0.00     99.42
                all      0.10      0.00      0.48      0.00      0.00     99.42
start----
                all      0.17      0.00      3.53      0.03      0.00     96.28
                all      0.04      0.00      2.05      0.00      0.00     97.90
end------
                all      0.06      0.00      0.26      0.00      0.00     99.69
                all      0.10      0.00      0.47      0.00      0.00     99.43
                all      0.11      0.00      0.46      0.00      0.00     99.43
start----
                all      0.17      0.00      0.89      0.01      0.00     98.93
                all      0.08      0.00      4.83      0.00      0.00     95.09
end------
                all      0.01      0.00      0.04      0.00      0.00     99.95
                all      0.11      0.00      0.46      0.00      0.00     99.43
                all      0.12      0.00      0.46      0.05      0.00     99.37
                all      0.11      0.00      0.46      0.02      0.00     99.40
start----
                all      0.15      0.00      3.67      0.03      0.00     96.15
                all      0.04      0.00      1.84      0.00      0.00     98.11
end------
                all      0.06      0.00      0.26      0.00      0.00     99.68
                all      0.11      0.00      0.46      0.00      0.00     99.43
                all      0.12      0.00      0.45      0.08      0.00     99.35
start----
                all      0.17      0.00      1.10      0.02      0.00     98.71
                all      0.06      0.00      5.93      0.00      0.00     94.01
                all      0.05      0.00      3.75      0.00      0.00     96.20
end------
                all      0.03      0.00      0.13      0.00      0.00     99.83
                all      0.11      0.00      0.45      0.00      0.00     99.44
                all      0.12      0.00      0.46      0.00      0.00     99.41
start----
                all      0.10      0.00      0.43      0.00      0.00     99.47
                all      0.14      0.00      4.86      0.03      0.00     94.97
                all      0.25      0.00      5.75      0.00      0.00     94.01
                all      0.04      0.00      0.11      0.00      0.00     99.85
end------
                all      0.10      0.00      0.38      0.00      0.00     99.52
                all      0.13      0.00      0.44      0.00      0.00     99.43
                all      0.12      0.00      0.45      0.00      0.00     99.43
start----
                all      0.15      0.00      2.72      0.01      0.00     97.12
                all      0.14      0.00      5.85      0.00      0.00     94.01
                all      0.05      0.00      2.24      0.00      0.00     97.71
end------
                all      0.05      0.00      0.22      0.00      0.00     99.73
                all      0.12      0.00      0.45      0.00      0.00     99.43
                all      0.11      0.00      0.45      0.00      0.00     99.44
start----
                all      0.19      0.00      0.71      0.02      0.00     99.08
                all      0.04      0.00      5.95      0.00      0.00     94.02
                all      0.15      0.00      6.22      0.00      0.00     93.62
                all      0.02      0.00      6.03      0.00      0.00     93.95
                all      0.53      0.00      2.79      0.00      0.00     96.67
end------
                all      0.04      0.00      0.18      0.00      0.00     99.78
                all      0.12      0.00      0.46      0.00      0.00     99.42
                all      0.13      0.00      0.45      0.00      0.00     99.42
start----
                all      0.11      0.00      0.41      0.00      0.00     99.48
                all      0.14      0.00      5.12      0.01      0.00     94.73
                all      0.04      0.00      6.33      0.00      0.00     93.63
                all      0.18      0.00      5.90      0.00      0.00     93.92
                all      0.11      0.00      4.04      0.00      0.00     95.85
end------
                all      0.00      0.00      0.04      0.00      0.00     99.95
                all      0.11      0.00      0.44      0.00      0.00     99.45
                all      0.12      0.00      0.45      0.03      0.00     99.40
                all      0.14      0.00      0.54      0.06      0.00     99.26
start----
                all      0.14      0.00      3.32      0.01      0.00     96.53
                all      0.04      0.00      6.11      0.00      0.00     93.85
                all      0.18      0.00      6.12      0.00      0.00     93.70
                all      0.12      0.00      5.86      0.00      0.00     94.02
                all      0.02      0.00      0.08      0.00      0.00     99.90
end------
                all      0.10      0.00      0.38      0.00      0.00     99.52
                all      0.13      0.00      0.44      0.00      0.00     99.43
                all      0.11      0.00      0.47      0.00      0.00     99.42
start----
                all      0.17      0.00      2.53      0.02      0.00     97.28
                all      0.04      0.00      6.05      0.00      0.00     93.91
                all      0.05      0.00      6.52      0.00      0.00     93.42
                all      0.04      0.00      6.01      0.52      0.00     93.44
                all      0.03      0.00      2.71      3.72      0.00     93.54
                all      0.62      0.00      4.66      0.88      0.00     93.84
                all      0.01      0.00      5.98      0.00      0.00     94.01
                all      0.02      0.00      5.97      0.00      0.00     94.01
                all      0.16      0.00      2.96      0.01      0.00     96.87
end------
                all      0.02      0.00      0.09      0.00      0.00     99.90
                all      0.13      0.00      0.44      0.00      0.00     99.43
                all      0.12      0.00      0.45      0.07      0.00     99.35
                all      0.11      0.00      0.46      0.00      0.00     99.43
start----
                all      0.14      0.00      4.17      0.03      0.00     95.67
                all      0.04      0.00      6.21      0.00      0.00     93.75
                all      0.04      0.00      6.56      0.00      0.00     93.40
                all      0.03      0.00      4.97      1.55      0.00     93.46
                all      0.41      0.00      2.43      3.62      0.00     93.54
                all      0.29      0.00      5.81      0.05      0.00     93.85
                all      0.02      0.00      5.99      0.00      0.00     93.99
                all      0.01      0.00      5.98      0.00      0.00     94.01
                all      0.58      0.00      1.41      0.00      0.00     98.01
end------
                all      0.06      0.00      0.26      0.00      0.00     99.68
                all      0.11      0.00      0.46      0.00      0.00     99.44
                all      0.12      0.00      0.45      0.08      0.00     99.35
start----
                all      0.21      0.00      0.96      0.02      0.00     98.81
                all      0.04      0.00      5.94      0.00      0.00     94.01
                all      0.04      0.00      6.45      0.00      0.00     93.51
                all      0.04      0.00      6.55      0.00      0.00     93.41
                all      0.04      0.00      3.40      3.10      0.00     93.46
                all      0.89      0.00      3.34      2.09      0.00     93.68
                all      0.01      0.00      6.02      0.00      0.00     93.97
                all      0.01      0.00      5.97      0.00      0.00     94.01
                all      0.51      0.00      5.08      0.00      0.00     94.41
                all      0.01      0.00      0.05      0.00      0.00     99.94
end------
                all      0.10      0.00      0.42      0.00      0.00     99.48
                all      0.11      0.00      0.46      0.01      0.00     99.41
                all      0.11      0.00      0.46      0.06      0.00     99.37
start----
                all      0.30      0.00      5.91      0.02      0.00     93.77
                all      0.17      0.00      5.14      0.01      0.00     94.68
end------
                all      0.05      0.00      0.19      0.00      0.00     99.76
                all      0.11      0.00      0.45      0.00      0.00     99.44
                all      0.11      0.00      0.45      0.00      0.00     99.44
start----
                all      0.11      0.00      0.45      0.01      0.00     99.42
                all      0.38      0.00     10.63      0.02      0.00     88.96
                all      0.01      0.00      0.05      0.00      0.00     99.93
end------
                all      0.09      0.00      0.43      0.00      0.00     99.48
                all      0.12      0.00      0.44      0.00      0.00     99.44
                all      0.11      0.00      0.46      0.00      0.00     99.43
start----
                all      0.28      0.00      5.37      0.03      0.00     94.31
                all      0.14      0.00      5.60      0.01      0.00     94.26
end------
                all      0.06      0.00      0.25      0.00      0.00     99.69
                all      0.12      0.00      0.47      0.00      0.00     99.41
                all      0.12      0.00      0.45      0.00      0.00     99.43
start----
                all      0.10      0.00      0.41      0.01      0.00     99.49
                all      0.25      0.00     10.89      0.02      0.00     88.84
                all      0.13      0.00      9.89      0.00      0.00     89.97
end------
                all      0.01      0.00      0.04      0.00      0.00     99.96
                all      0.12      0.00      0.45      0.00      0.00     99.43
                all      0.12      0.00      0.46      0.00      0.00     99.42
                all      0.12      0.00      0.45      0.00      0.00     99.43
start----
                all      0.28      0.00      6.68      0.02      0.00     93.01
                all      0.15      0.00     11.75      0.00      0.00     88.10
                all      0.07      0.00      2.32      0.00      0.00     97.61
end------
                all      0.07      0.00      0.32      0.00      0.00     99.62
                all      0.11      0.00      0.46      0.00      0.00     99.42
                all      0.12      0.00      0.45      0.00      0.00     99.43
start----
                all      0.31      0.00      2.76      0.04      0.00     96.89
                all      0.19      0.00     11.70      0.00      0.00     88.12
                all      0.08      0.00      6.55      0.00      0.00     93.37
end------
                all      0.04      0.00      0.18      0.00      0.00     99.77
                all      0.12      0.00      0.45      0.00      0.00     99.43
                all      0.11      0.00      0.46      0.00      0.00     99.42
start----
                all      0.10      0.00      0.42      0.00      0.00     99.47
                all      0.25      0.00      9.95      0.02      0.00     89.78
                all      0.04      0.00     12.23      0.00      0.00     87.73
                all      0.43      0.00     11.52      0.01      0.00     88.03
                all      0.20      0.00      7.83      0.00      0.00     91.96
end------
                all      0.01      0.00      0.04      0.00      0.00     99.95
                all      0.11      0.00      0.44      0.00      0.00     99.44
                all      0.11      0.00      0.46      0.03      0.00     99.41
                all      0.10      0.00      0.46      0.04      0.00     99.40
start----
                all      0.29      0.00      6.37      0.02      0.00     93.31
                all      0.04      0.00     12.07      0.00      0.00     87.89
                all      0.48      0.00     11.63      0.01      0.00     87.88
                all      0.23      0.00     11.29      0.00      0.00     88.48
                all      0.02      0.00      0.05      0.01      0.00     99.92
end------
                all      0.10      0.00      0.42      0.00      0.00     99.49
                all      0.13      0.00      0.44      0.00      0.00     99.43
                all      0.11      0.00      0.47      0.00      0.00     99.42
start----
                all      0.28      0.00      5.37      0.03      0.00     94.32
                all      0.04      0.00     12.02      0.00      0.00     87.94
                all      0.51      0.00     11.64      0.01      0.00     87.83
                all      0.02      0.00     11.87      0.00      0.00     88.11
                all      0.20      0.00      0.68      0.00      0.00     99.11
end------
                all      0.10      0.00      0.38      0.00      0.00     99.52
                all      0.11      0.00      0.46      0.00      0.00     99.43
                all      0.11      0.00      0.46      0.00      0.00     99.42
start----
                all      0.27      0.00      4.10      0.03      0.00     95.60
                all      0.05      0.00     11.97      0.00      0.00     87.99
                all      0.03      0.00     12.39      0.00      0.00     87.57
                all      0.04      0.00     12.35      0.00      0.00     87.60
                all      3.64      0.00      6.85      1.75      0.00     87.76
                all      0.02      0.00     11.90      0.00      0.00     88.07
                all      0.01      0.00     11.89      0.00      0.00     88.10
                all      0.04      0.00     11.86      0.00      0.00     88.10
                all      0.53      0.00      0.73      0.00      0.00     98.74
end------
                all      0.06      0.00      0.24      0.00      0.00     99.70
                all      0.11      0.00      0.45      0.00      0.00     99.44
                all      0.12      0.00      0.47      0.06      0.00     99.35
start----
                all      0.32      0.00      1.58      0.02      0.00     98.08
                all      0.04      0.00     11.86      0.00      0.00     88.10
                all      0.07      0.00     12.38      0.00      0.00     87.54
                all      0.04      0.00     12.31      0.00      0.00     87.65
                all      1.84      0.00      9.01      1.36      0.00     87.79
                all      0.02      0.00     11.92      0.00      0.00     88.06
                all      0.01      0.00     11.88      0.00      0.00     88.11
                all      0.09      0.00     11.80      0.00      0.00     88.11
                all      0.27      0.00      0.38      0.00      0.00     99.34
end------
                all      0.08      0.00      0.36      0.00      0.00     99.56
                all      0.11      0.00      0.45      0.00      0.00     99.44
                all      0.12      0.00      0.45      0.00      0.00     99.43
start----
                all      0.29      0.00      4.14      0.03      0.00     95.54
                all      0.05      0.00     11.97      0.00      0.00     87.99
                all      0.04      0.00     12.42      0.00      0.00     87.54
                all      0.04      0.00     12.38      0.00      0.00     87.58
                all      2.04      0.00      8.74      1.55      0.00     87.67
                all      0.09      0.00     11.91      0.03      0.00     87.97
                all      0.02      0.00     11.88      0.00      0.00     88.11
                all      0.32      0.00      9.85      0.00      0.00     89.83
end------
                all      0.01      0.00      0.04      0.00      0.00     99.96
                all      0.11      0.00      0.43      0.00      0.00     99.47
                all      0.11      0.00      0.46      0.04      0.00     99.40
                all      0.11      0.00      0.46      0.03      0.00     99.40
start----
                all      0.68      0.00     11.59      0.06      0.00     87.67
                all      0.25      0.00     10.98      0.00      0.00     88.77
end------
                all      0.04      0.00      0.17      0.00      0.00     99.79
                all      0.11      0.00      0.45      0.00      0.00     99.44
                all      0.11      0.00      0.46      0.07      0.00     99.36
start----
                all      0.11      0.00      0.41      0.00      0.00     99.48
                all      0.80      0.00     19.67      0.03      0.00     79.49
                all      0.12      0.00      2.56      0.00      0.00     97.32
end------
                all      0.08      0.00      0.33      0.00      0.00     99.59
                all      0.12      0.00      0.45      0.00      0.00     99.43
                all      0.10      0.00      0.46      0.07      0.00     99.37
start----
                all      0.65      0.00      5.41      0.11      0.00     93.83
                all      0.27      0.00     17.06      0.00      0.00     82.67
end------
                all      0.01      0.00      0.06      0.00      0.00     99.93
                all      0.12      0.00      0.45      0.00      0.00     99.44
                all      0.12      0.00      0.47      0.07      0.00     99.34
                all      0.10      0.00      0.46      0.00      0.00     99.44
start----
                all      0.68      0.00     13.66      0.08      0.00     85.58
                all      0.18      0.00     23.46      0.00      0.00     76.37
                all      0.15      0.00      5.33      0.00      0.00     94.52
end------
                all      0.06      0.00      0.29      0.00      0.00     99.65
                all      0.12      0.00      0.45      0.00      0.00     99.44
                all      0.12      0.00      0.44      0.07      0.00     99.37
start----
                all      0.60      0.00      2.91      0.10      0.00     96.39
                all      0.20      0.00     23.46      0.00      0.00     76.34
                all      0.15      0.00     15.95      0.00      0.00     83.90
end------
                all      0.01      0.00      0.08      0.00      0.00     99.91
                all      0.11      0.00      0.46      0.00      0.00     99.43
                all      0.11      0.00      0.46      0.07      0.00     99.36
                all      0.12      0.00      0.45      0.00      0.00     99.43
start----
                all      0.67      0.00     15.10      0.08      0.00     84.15
                all      0.15      0.00     23.52      0.00      0.00     76.32
                all      0.14      0.00      3.35      0.00      0.00     96.51
end------
                all      0.07      0.00      0.32      0.00      0.00     99.61
                all      0.12      0.00      0.45      0.00      0.00     99.43
                all      0.11      0.00      0.46      0.07      0.00     99.35
start----
                all      0.70      0.00      4.58      0.11      0.00     94.60
                all      0.04      0.00     23.67      0.00      0.00     76.28
                all      0.33      0.00     23.66      0.01      0.00     76.00
                all      0.02      0.00     23.70      0.00      0.00     76.28
                all      0.38      0.00      7.27      0.01      0.00     92.34
end------
                all      0.05      0.00      0.25      0.00      0.00     99.70
                all      0.11      0.00      0.45      0.00      0.00     99.44
                all      0.13      0.00      0.45      0.00      0.00     99.42
start----
                all      0.21      0.00      1.58      0.12      0.00     98.10
                all      0.46      0.00     22.26      0.01      0.00     77.27
                all      0.25      0.00     23.66      0.02      0.00     76.06
                all      0.01      0.00     23.72      0.00      0.00     76.28
                all      0.35      0.00     11.43      0.00      0.00     88.22
end------
                all      0.04      0.00      0.17      0.00      0.00     99.79
                all      0.13      0.00      0.44      0.00      0.00     99.44
                all      0.12      0.00      0.45      0.00      0.00     99.43
start----
                all      0.10      0.00      0.41      0.00      0.00     99.49
                all      0.53      0.00     19.70      0.05      0.00     79.72
                all      0.07      0.00     23.97      0.00      0.00     75.96
                all      0.25      0.00     23.29      0.01      0.00     76.45
                all      0.42      0.00     15.44      0.00      0.00     84.14
end------
                all      0.01      0.00      0.09      0.00      0.00     99.90
                all      0.11      0.00      0.45      0.00      0.00     99.43
                all      0.13      0.00      0.44      0.00      0.00     99.44
                all      0.11      0.00      0.45      0.00      0.00     99.43
start----
                all      0.56      0.00     15.61      0.04      0.00     83.78
                all      0.04      0.00     23.92      0.00      0.00     76.04
                all      0.04      0.00     24.11      0.00      0.00     75.84
                all      0.39      0.00     23.86      0.00      0.00     75.75
                all      0.02      0.00     23.72      0.01      0.00     76.26
                all      0.02      0.00     23.69      0.00      0.00     76.29
                all      0.01      0.00     23.71      0.00      0.00     76.28
                all      0.29      0.00      3.60      0.00      0.00     96.11
end------
                all      0.07      0.00      0.30      0.00      0.00     99.63
                all      0.11      0.00      0.46      0.00      0.00     99.43
                all      0.14      0.00      0.45      0.07      0.00     99.35
start----
                all      0.63      0.00      3.85      0.11      0.00     95.40
                all      0.04      0.00     23.66      0.00      0.00     76.30
                all      0.04      0.00     24.19      0.00      0.00     75.77
                all      0.04      0.00     24.23      0.00      0.00     75.73
                all      2.44      0.00     21.61      0.00      0.00     75.95
                all      0.01      0.00     23.68      0.00      0.00     76.31
                all      0.01      0.00     23.69      0.00      0.00     76.30
                all      0.25      0.00     19.24      0.00      0.00     80.51
                all      0.02      0.00      0.06      0.00      0.00     99.92
end------
                all      0.11      0.00      0.40      0.00      0.00     99.49
                all      0.13      0.00      0.44      0.00      0.00     99.44
                all      0.11      0.00      0.45      0.00      0.00     99.44
start----
                all      0.58      0.00      7.61      0.06      0.00     91.75
                all      0.06      0.00     23.78      0.00      0.00     76.17
                all      0.04      0.00     24.23      0.00      0.00     75.73
                all      0.04      0.00     24.23      0.00      0.00     75.73
                all      0.28      0.00     23.61      0.00      0.00     76.11
                all      0.01      0.00     23.70      0.00      0.00     76.29
                all      0.02      0.00     23.69      0.00      0.00     76.29
                all      0.40      0.00     12.23      0.00      0.00     87.37
end------
                all      0.01      0.00      0.06      0.00      0.00     99.93
                all      0.12      0.00      0.45      0.00      0.00     99.43
                all      0.11      0.00      0.46      0.07      0.00     99.36
                all      0.13      0.00      0.46      0.00      0.00     99.42
start----
                all      1.94      0.00     22.93      0.06      0.00     75.06
                all      1.11      0.00     33.07      0.00      0.00     65.82
end------
                all      0.03      0.00      0.09      0.00      0.00     99.88
                all      0.11      0.00      0.47      0.00      0.00     99.42
                all      0.13      0.00      0.44      0.00      0.00     99.44
                all      0.12      0.00      0.45      0.00      0.00     99.43
start----
                all      1.79      0.00     20.38      0.11      0.00     77.71
                all      1.07      0.00     36.41      0.00      0.00     62.51
end------
                all      0.01      0.00      0.05      0.01      0.00     99.94
                all      0.13      0.00      0.42      0.00      0.00     99.45
                all      0.12      0.00      0.45      0.02      0.00     99.41
                all      0.12      0.00      0.46      0.04      0.00     99.38
start----
                all      2.24      0.00     15.50      0.08      0.00     82.18
                all      1.09      0.00     41.27      0.00      0.00     57.65
                all      0.02      0.00      0.07      0.00      0.00     99.91
end------
                all      0.09      0.00      0.36      0.00      0.00     99.55
                all      0.12      0.00      0.45      0.00      0.00     99.43
                all      0.12      0.00      0.45      0.00      0.00     99.42
start----
                all      2.06      0.00      9.97      0.09      0.00     87.88
                all      0.59      0.00     46.44      0.00      0.00     52.97
                all      0.56      0.00     45.65      0.00      0.00     53.79
                all      0.04      0.00      1.60      0.01      0.00     98.35
end------
                all      0.06      0.00      0.29      0.00      0.00     99.65
                all      0.11      0.00      0.45      0.00      0.00     99.44
                all      0.11      0.00      0.46      0.00      0.00     99.43
start----
                all      0.38      0.00      4.61      0.08      0.00     94.93
                all      1.81      0.00     39.55      0.03      0.00     58.61
                all      0.52      0.00     45.84      0.00      0.00     53.64
                all      0.57      0.00     14.05      0.00      0.00     85.38
end------
                all      0.04      0.00      0.16      0.00      0.00     99.80
                all      0.12      0.00      0.44      0.00      0.00     99.44
                all      0.12      0.00      0.45      0.00      0.00     99.43
start----
                all      0.11      0.00      0.41      0.00      0.00     99.48
                all      1.74      0.00     31.13      0.06      0.00     67.07
                all      0.57      0.00     45.99      0.00      0.00     53.44
                all      0.56      0.00     25.30      0.09      0.00     74.05
end------
                all      0.01      0.00      0.04      0.00      0.00     99.94
                all      0.22      0.00      0.59      0.00      0.00     99.18
                all      0.12      0.00      0.45      0.00      0.00     99.43
                all      0.12      0.00      0.46      0.00      0.00     99.42
start----
                all      1.94      0.00     23.97      0.05      0.00     74.05
                all      0.04      0.00     47.38      0.00      0.00     52.58
                all      0.64      0.00     46.25      0.00      0.00     53.11
                all      0.01      0.00     46.29      0.00      0.00     53.70
                all      0.67      0.00     31.75      0.00      0.00     67.57
end------
                all      0.01      0.00      0.04      0.00      0.00     99.95
                all      0.11      0.00      0.42      0.00      0.00     99.47
                all      0.13      0.00      0.44      0.03      0.00     99.40
                all      0.11      0.00      0.45      0.04      0.00     99.40
start----
                all      1.92      0.00     17.08      0.06      0.00     80.94
                all      0.05      0.00     47.29      0.00      0.00     52.66
                all      0.60      0.00     45.02      0.03      0.00     54.36
                all      0.02      0.00     46.25      0.00      0.00     53.73
                all      2.02      0.00     37.27      0.00      0.00     60.71
                all      0.02      0.00      0.07      0.00      0.00     99.91
end------
                all      0.07      0.00      0.33      0.00      0.00     99.60
                all      0.13      0.00      0.44      0.00      0.00     99.43
                all      0.13      0.00      0.45      0.07      0.00     99.35
start----
                all      1.32      0.00      6.45      0.07      0.00     92.16
                all      0.88      0.00     45.67      0.06      0.00     53.40
                all      0.53      0.00     46.42      0.01      0.00     53.04
                all      0.02      0.00     46.28      0.03      0.00     53.67
                all      0.32      0.00     46.03      0.00      0.00     53.65
                all      0.80      0.00      4.81      0.01      0.00     94.38
end------
                all      0.08      0.00      0.31      0.00      0.00     99.61
                all      0.13      0.00      0.44      0.00      0.00     99.43
                all      0.11      0.00      0.45      0.00      0.00     99.43
start----
                all      0.98      0.00      4.23      0.05      0.00     94.73
                all      1.22      0.00     44.17      0.04      0.00     54.57
                all      0.05      0.00     47.63      0.00      0.00     52.32
                all      0.04      0.00     47.71      0.00      0.00     52.24
                all      0.58      0.00     46.30      0.02      0.00     53.09
                all      0.01      0.00     46.26      0.02      0.00     53.71
                all      0.02      0.00     46.24      0.00      0.00     53.75
                all      0.02      0.00     46.23      0.00      0.00     53.76
                all      0.17      0.00     46.08      0.00      0.00     53.75
                all      1.05      0.00      8.09      0.00      0.00     90.85
end------
                all      0.06      0.00      0.25      0.00      0.00     99.68
                all      0.13      0.00      0.44      0.00      0.00     99.43
                all      0.13      0.00      0.45      0.07      0.00     99.35
start----
                all      0.36      0.00      3.88      0.04      0.00     95.72
                all      1.80      0.00     40.38      0.04      0.00     57.79
                all      0.05      0.00     47.53      0.01      0.00     52.41
                all      0.04      0.00     47.66      0.00      0.00     52.29
                all      0.21      0.00     47.49      0.01      0.00     52.29
                all      0.43      0.00     44.83      0.00      0.00     54.73
                all      0.02      0.00     46.26      0.00      0.00     53.72
                all      0.01      0.00     46.21      0.00      0.00     53.78
                all      0.02      0.00     46.17      0.00      0.00     53.81
                all      1.48      0.00     12.60      0.01      0.00     85.92
end------
                all      0.02      0.00      0.12      0.00      0.00     99.86
                all      0.13      0.00      0.44      0.00      0.00     99.44
                all      0.14      0.00      0.43      0.07      0.00     99.36
start----
                all      0.13      0.00      0.39      0.00      0.00     99.47
                all      2.06      0.00     29.61      0.06      0.00     68.28
                all      0.06      0.00     47.44      0.00      0.00     52.50
                all      0.04      0.00     47.83      0.00      0.00     52.13
                all      0.04      0.00     47.84      0.00      0.00     52.12
                all      0.62      0.00     44.91      0.00      0.00     54.48
                all      0.02      0.00     46.27      0.00      0.00     53.71
                all      0.02      0.00     46.22      0.00      0.00     53.77
                all      0.02      0.00     46.17      0.00      0.00     53.82
                all      1.67      0.00     26.50      0.00      0.00     71.82
end------
                all      0.01      0.00      0.05      0.00      0.00     99.94
                all      0.13      0.00      0.44      0.00      0.00     99.43
                all      0.14      0.00      0.44      0.00      0.00     99.42
                all      0.13      0.00      0.43      0.00      0.00     99.44
start----
                all      3.50      0.00     27.28      0.17      0.00     69.05
                all     10.40      0.00     79.06      0.04      0.00     10.50
                all      6.62      0.00     69.64      0.00      0.00     23.74
                all      0.03      0.00      0.69      0.00      0.00     99.28
end------
                all      0.08      0.00      0.29      0.00      0.00     99.64
                all      0.14      0.00      0.43      0.00      0.00     99.43
                all      0.13      0.00      0.44      0.07      0.00     99.37
start----
                all      0.59      0.00     11.10      0.18      0.00     88.13
                all      7.82      0.00     59.46      0.10      0.00     32.61
                all      4.84      0.00     84.47      0.00      0.00     10.70
                all      3.67      0.00     20.94      0.00      0.00     75.38
end------
                all      0.03      0.00      0.11      0.00      0.00     99.87
                all      0.12      0.00      0.45      0.00      0.00     99.42
                all      0.13      0.00      0.44      0.07      0.00     99.36
start----
                all      0.13      0.00      0.42      0.00      0.00     99.45
                all      4.51      0.00     35.26      0.14      0.00     60.09
                all      7.95      0.00     79.94      0.26      0.00     11.86
                all      5.31      0.00     51.43      0.00      0.00     43.26
                all      0.02      0.00      0.11      0.00      0.00     99.88
end------
                all      0.10      0.00      0.35      0.00      0.00     99.55
                all      0.13      0.00      0.44      0.00      0.00     99.44
                all      0.13      0.00      0.44      0.07      0.00     99.35
start----
                all      1.01      0.00     12.98      0.08      0.00     85.94
                all      7.40      0.00     69.17      0.13      0.00     23.30
                all      3.18      0.00     89.43      0.00      0.00      7.39
                all      0.04      0.00     87.27      0.00      0.00     12.68
                all      4.48      0.00     33.37      0.00      0.00     62.15
end------
                all      0.01      0.00      0.04      0.00      0.00     99.96
                all      0.13      0.00      0.42      0.00      0.00     99.45
                all      0.14      0.00      0.44      0.00      0.00     99.43
                all      0.15      0.00      0.42      0.00      0.00     99.43
start----
                all      2.90      0.00     24.21      0.28      0.00     72.61
                all      5.33      0.00     80.05      0.03      0.00     14.59
                all      3.72      0.00     87.38      0.00      0.00      8.91
                all      1.40      0.00     86.12      0.00      0.00     12.48
                all      3.63      0.00     19.45      0.00      0.00     76.92
end------
                all      0.01      0.00      0.06      0.00      0.00     99.93
                all      0.14      0.00      0.42      0.00      0.00     99.43
                all      0.14      0.00      0.43      0.00      0.00     99.43
                all      0.14      0.00      0.43      0.00      0.00     99.43
start----
                all      2.95      0.00     25.39      0.15      0.00     71.51
                all      5.12      0.00     83.85      0.04      0.00     10.99
                all      3.36      0.00     87.80      0.00      0.00      8.84
                all      2.53      0.00     85.14      0.00      0.00     12.33
                all      2.74      0.00     17.53      0.01      0.00     79.72
end------
                all      0.03      0.00      0.12      0.00      0.00     99.85
                all      0.14      0.00      0.43      0.00      0.00     99.43
                all      0.13      0.00      0.44      0.00      0.00     99.43
start----
                all      0.13      0.00      0.41      0.00      0.00     99.46
                all      5.43      0.00     38.23      0.27      0.00     56.07
                all      3.19      0.00     87.34      0.01      0.00      9.46
                all      0.05      0.00     94.58      0.00      0.00      5.37
                all      3.72      0.00     86.87      0.00      0.00      9.42
                all      0.04      0.00     87.20      0.00      0.00     12.76
                all      0.04      0.00     87.20      0.00      0.00     12.75
                all      6.91      0.00     56.91      0.00      0.00     36.18
                all      0.02      0.00      0.12      0.00      0.00     99.85
end------
                all      0.10      0.00      0.33      0.00      0.00     99.58
                all      0.14      0.00      0.43      0.00      0.00     99.43
                all      0.14      0.00      0.44      0.00      0.00     99.43
start----
                all      0.92      0.00     13.44      0.07      0.00     85.57
                all      7.52      0.00     63.96      0.13      0.00     28.39
                all      0.06      0.00     94.39      0.00      0.00      5.55
                all      2.42      0.00     92.35      0.00      0.00      5.24
                all      1.28      0.00     84.96      0.00      0.00     13.76
                all      0.05      0.00     87.12      0.00      0.00     12.83
                all      0.67      0.00     86.53      0.00      0.00     12.80
                all      3.91      0.00     20.82      0.00      0.00     75.26
end------
                all      0.01      0.00      0.03      0.00      0.00     99.96
                all      0.13      0.00      0.42      0.00      0.00     99.45
                all      0.13      0.00      0.43      0.04      0.00     99.40
                all      0.14      0.00      0.43      0.03      0.00     99.41
start----
                all      2.78      0.00     21.65      0.13      0.00     75.44
                all      5.12      0.00     81.12      0.04      0.00     13.72
                all      0.05      0.00     94.48      0.00      0.00      5.47
                all      3.25      0.00     89.01      0.00      0.00      7.74
                all      0.04      0.00     87.26      0.00      0.00     12.69
                all      0.09      0.00     87.55      0.01      0.00     12.35
                all      7.62      0.00     77.47      0.00      0.00     14.91
                all      0.07      0.00      3.57      0.01      0.00     96.35
end------
                all      0.06      0.00      0.22      0.00      0.00     99.73
                all      0.13      0.00      0.44      0.00      0.00     99.43
                all      0.14      0.00      0.44      0.00      0.00     99.42
start----
                all      0.16      0.00      1.70      0.04      0.00     98.09
                all      8.13      0.00     50.39      0.13      0.00     41.35
                all      0.04      0.00     94.35      0.00      0.00      5.61
                all      0.04      0.00     94.45      0.00      0.00      5.51
                all      0.05      0.00     94.73      0.00      0.00      5.21
                all      0.05      0.00     94.74      0.00      0.00      5.21
                all      5.31      0.00     86.84      0.00      0.00      7.86
                all      0.04      0.00     87.26      0.00      0.00     12.69
                all      0.04      0.00     87.28      0.00      0.00     12.68
                all      0.06      0.00     87.11      0.00      0.00     12.83
                all      0.05      0.00     87.27      0.00      0.00     12.67
                all      0.04      0.00     87.14      0.00      0.00     12.82
                all      6.88      0.00     78.40      0.00      0.00     14.72
                all      0.06      0.00      5.26      0.01      0.00     94.67
end------
                all      0.03      0.00      0.13      0.00      0.00     99.84
                all      0.13      0.00      0.44      0.00      0.00     99.43
                all      0.14      0.00      0.43      0.07      0.00     99.37
start----
                all      0.13      0.00      0.41      0.00      0.00     99.47
                all      7.31      0.00     39.06      0.29      0.00     53.33
                all      1.54      0.00     89.33      0.00      0.00      9.14
                all      0.04      0.00     94.59      0.00      0.00      5.36
                all      0.05      0.00     94.71      0.00      0.00      5.24
                all      0.05      0.00     94.74      0.00      0.00      5.20
                all      3.13      0.00     90.08      0.00      0.00      6.79
                all      0.05      0.00     87.38      0.00      0.00     12.56
                all      0.10      0.00     87.10      0.00      0.00     12.81
                all      0.04      0.00     87.23      0.00      0.00     12.73
                all      0.06      0.00     87.15      0.00      0.00     12.79
                all      0.04      0.00     87.14      0.00      0.00     12.82
                all      5.51      0.00     82.05      0.00      0.00     12.44
                all      1.55      0.00     16.92      0.00      0.00     81.53
end------
                all      0.01      0.00      0.04      0.00      0.00     99.95
                all      0.14      0.00      0.43      0.00      0.00     99.43
                all      0.14      0.00      0.43      0.00      0.00     99.43
                all      0.13      0.00      0.44      0.00      0.00     99.43
start----
                all      2.81      0.00     25.72      0.13      0.00     71.35
                all      4.92      0.00     85.59      0.07      0.00      9.42
                all      0.05      0.00     94.52      0.00      0.00      5.43
                all      0.05      0.00     94.74      0.00      0.00      5.21
                all      0.05      0.00     94.74      0.00      0.00      5.21
                all      0.95      0.00     93.84      0.00      0.00      5.21
                all      3.73      0.00     82.36      0.00      0.00     13.91
                all      0.05      0.00     87.14      0.00      0.00     12.81
                all      0.04      0.00     87.29      0.00      0.00     12.66
                all      0.05      0.00     87.33      0.00      0.00     12.62
                all      0.04      0.00     87.21      0.00      0.00     12.75
                all      0.09      0.00     87.16      0.00      0.00     12.75
                all      5.05      0.00     26.60      0.00      0.00     68.34
                all      0.01      0.00      0.05      0.00      0.00     99.93
end------
                all      0.13      0.00      0.40      0.00      0.00     99.48
                all      0.12      0.00      0.45      0.00      0.00     99.43
                all      0.13      0.00      0.44      0.00      0.00     99.43
End of data collecting unexpected
