
Linux 5.2.8org200301 (knl03.kisti.re.kr) 	2020년 03월 29일 	_x86_64_	(272 CPU)

                CPU     %user     %nice   %system   %iowait    %steal     %idle
                all      0.03      0.00      0.09      0.00      0.00     99.88
                all      0.03      0.00      0.08      0.15      0.00     99.74
                all      0.01      0.00      0.07      0.37      0.00     99.55
                all      0.01      0.00      0.07      0.37      0.00     99.55
                all      0.02      0.00      0.07      0.35      0.00     99.56
                all      0.01      0.00      0.13      0.25      0.00     99.60
                all      0.03      0.00      0.11      0.07      0.00     99.79
                all      0.03      0.00      0.11      0.00      0.00     99.86
                all      0.09      0.00      0.16      0.07      0.00     99.67
                all      0.01      0.00      0.23      0.01      0.00     99.74
                all      0.02      0.00      0.08      0.00      0.00     99.90
                all      0.02      0.00      0.07      0.00      0.00     99.91
start----
                all      0.02      0.00      0.10      0.00      0.00     99.87
                all      0.36      0.00      2.42      0.01      0.00     97.20
                all      0.31      0.00      1.32      0.01      0.00     98.36
end------
                all      0.04      0.00      0.17      0.00      0.00     99.80
                all      0.12      0.00      0.45      0.00      0.00     99.43
                all      0.11      0.00      0.45      0.07      0.00     99.36
start----
                all      0.11      0.00      0.40      0.00      0.00     99.49
                all      0.15      0.00      2.72      0.01      0.00     97.11
                all      0.03      0.00      0.67      0.00      0.00     99.30
end------
                all      0.07      0.00      0.31      0.00      0.00     99.62
                all      0.13      0.00      0.44      0.00      0.00     99.44
                all      0.11      0.00      0.45      0.00      0.00     99.43
start----
                all      0.13      0.00      1.04      0.02      0.00     98.81
                all      0.05      0.00      2.50      0.01      0.00     97.44
end------
                all      0.01      0.00      0.07      0.00      0.00     99.92
                all      0.11      0.00      0.45      0.00      0.00     99.43
                all      0.12      0.00      0.45      0.00      0.00     99.43
                all      0.13      0.00      0.44      0.00      0.00     99.43
start----
                all      0.08      0.00      2.00      0.02      0.00     97.89
                all      0.04      0.00      3.00      0.00      0.00     96.96
                all      0.04      0.00      1.70      0.01      0.00     98.24
end------
                all      0.01      0.00      0.06      0.00      0.00     99.93
                all      0.10      0.00      0.46      0.00      0.00     99.43
                all      0.13      0.00      0.46      0.00      0.00     99.41
                all      0.11      0.00      0.45      0.00      0.00     99.44
start----
                all      0.08      0.00      2.13      0.02      0.00     97.77
                all      0.04      0.00      3.00      0.00      0.00     96.96
                all      0.06      0.00      1.41      0.01      0.00     98.52
end------
                all      0.03      0.00      0.14      0.00      0.00     99.83
                all      0.12      0.00      0.46      0.00      0.00     99.42
                all      0.12      0.00      0.45      0.00      0.00     99.43
start----
                all      0.11      0.00      0.45      0.00      0.00     99.44
                all      0.07      0.00      2.37      0.01      0.00     97.54
                all      0.03      0.00      3.00      0.00      0.00     96.97
                all      0.05      0.00      1.16      0.00      0.00     98.79
end------
                all      0.04      0.00      0.18      0.00      0.00     99.78
                all      0.11      0.00      0.45      0.00      0.00     99.43
                all      0.13      0.00      0.44      0.00      0.00     99.43
start----
                all      0.09      0.00      0.43      0.01      0.00     99.47
                all      0.08      0.00      2.69      0.01      0.00     97.21
                all      0.04      0.00      3.14      0.00      0.00     96.83
                all      0.03      0.00      3.58      0.00      0.00     96.39
                all      0.05      0.00      3.03      0.00      0.00     96.92
                all      0.10      0.00      1.59      0.00      0.00     98.31
end------
                all      0.03      0.00      0.16      0.00      0.00     99.81
                all      0.13      0.00      0.44      0.00      0.00     99.43
                all      0.11      0.00      0.46      0.00      0.00     99.43
start----
                all      0.09      0.00      0.41      0.00      0.00     99.49
                all      0.08      0.00      2.78      0.01      0.00     97.12
                all      0.04      0.00      3.11      0.00      0.00     96.85
                all      0.08      0.00      3.53      0.00      0.00     96.39
                all      0.57      0.00      2.64      0.00      0.00     96.79
                all      0.08      0.00      2.21      0.00      0.00     97.72
                all      0.01      0.00      0.05      0.00      0.00     99.94
end------
                all      0.10      0.00      0.41      0.00      0.00     99.49
                all      0.12      0.00      0.44      0.00      0.00     99.44
                all      0.11      0.00      0.46      0.00      0.00     99.43
start----
                all      0.10      0.00      1.69      0.03      0.00     98.19
                all      0.03      0.00      3.00      0.00      0.00     96.97
                all      0.03      0.00      3.48      0.00      0.00     96.49
                all      0.05      0.00      3.24      0.00      0.00     96.71
                all      0.12      0.00      2.49      0.00      0.00     97.39
                all      0.04      0.00      0.14      0.01      0.00     99.81
end------
                all      0.09      0.00      0.38      0.00      0.00     99.53
                all      0.11      0.00      0.47      0.00      0.00     99.42
                all      0.11      0.00      0.46      0.00      0.00     99.43
start----
                all      0.10      0.00      1.43      0.02      0.00     98.45
                all      0.03      0.00      3.01      0.00      0.00     96.97
                all      0.03      0.00      3.38      0.00      0.00     96.59
                all      0.04      0.00      3.48      0.01      0.00     96.46
                all      0.03      0.00      3.49      0.01      0.00     96.47
                all      0.03      0.00      3.46      0.09      0.00     96.41
                all      0.03      0.00      1.89      1.67      0.00     96.42
                all      0.11      0.00      2.76      0.32      0.00     96.81
                all      0.02      0.00      3.01      0.00      0.00     96.97
                all      0.02      0.00      3.01      0.00      0.00     96.97
                all      0.26      0.00      0.33      0.00      0.00     99.41
end------
                all      0.07      0.00      0.36      0.00      0.00     99.57
                all      0.11      0.00      0.45      0.00      0.00     99.44
                all      0.12      0.00      0.46      0.00      0.00     99.42
start----
                all      0.12      0.00      1.05      0.02      0.00     98.80
                all      0.03      0.00      3.01      0.00      0.00     96.97
                all      0.03      0.00      3.26      0.00      0.00     96.70
                all      0.04      0.00      3.48      0.08      0.00     96.40
                all      0.03      0.00      3.47      0.00      0.00     96.50
                all      0.14      0.00      3.66      0.01      0.00     96.18
                all      0.03      0.00      1.99      1.42      0.00     96.57
                all      0.46      0.00      2.26      0.58      0.00     96.70
                all      0.01      0.00      3.05      0.00      0.00     96.93
                all      0.01      0.00      3.03      0.00      0.00     96.96
                all      0.52      0.00      1.14      0.00      0.00     98.34
end------
                all      0.02      0.00      0.09      0.00      0.00     99.90
                all      0.12      0.00      0.45      0.00      0.00     99.44
                all      0.12      0.00      0.45      0.07      0.00     99.35
start----
                all      0.12      0.00      0.45      0.00      0.00     99.43
                all      0.09      0.00      2.23      0.02      0.00     97.67
                all      0.03      0.00      3.01      0.00      0.00     96.96
                all      0.03      0.00      3.53      0.00      0.00     96.44
                all      0.03      0.00      3.59      0.00      0.00     96.39
                all      0.04      0.00      3.55      0.00      0.00     96.40
                all      0.03      0.00      2.87      0.66      0.00     96.44
                all      0.12      0.00      1.96      1.38      0.00     96.53
                all      0.01      0.00      3.13      0.00      0.00     96.86
                all      0.02      0.00      3.02      0.00      0.00     96.96
                all      0.44      0.00      2.45      0.00      0.00     97.11
                all      0.01      0.00      0.05      0.00      0.00     99.93
end------
                all      0.11      0.00      0.42      0.00      0.00     99.47
                all      0.11      0.00      0.45      0.00      0.00     99.44
                all      0.11      0.00      0.45      0.00      0.00     99.43
start----
                all      0.23      0.00      3.11      0.02      0.00     96.64
                all      0.14      0.00      2.29      0.00      0.00     97.57
end------
                all      0.06      0.00      0.21      0.00      0.00     99.74
                all      0.12      0.00      0.45      0.00      0.00     99.43
                all      0.11      0.00      0.45      0.07      0.00     99.36
start----
                all      0.16      0.00      0.62      0.03      0.00     99.19
                all      0.15      0.00      4.86      0.00      0.00     94.99
end------
                all      0.01      0.00      0.06      0.00      0.00     99.93
                all      0.12      0.00      0.45      0.00      0.00     99.44
                all      0.13      0.00      0.45      0.00      0.00     99.43
                all      0.12      0.00      0.46      0.00      0.00     99.42
start----
                all      0.18      0.00      3.68      0.03      0.00     96.11
                all      0.03      0.00      1.58      0.00      0.00     98.39
end------
                all      0.10      0.00      0.39      0.00      0.00     99.51
                all      0.11      0.00      0.46      0.00      0.00     99.44
                all      0.11      0.00      0.46      0.00      0.00     99.42
start----
                all      0.19      0.00      1.34      0.02      0.00     98.45
                all      0.05      0.00      5.96      0.00      0.00     94.00
                all      0.05      0.00      2.94      0.00      0.00     97.00
end------
                all      0.04      0.00      0.21      0.00      0.00     99.74
                all      0.13      0.00      0.45      0.00      0.00     99.42
                all      0.11      0.00      0.45      0.00      0.00     99.44
start----
                all      0.11      0.00      0.39      0.01      0.00     99.49
                all      0.12      0.00      5.52      0.02      0.00     94.34
                all      0.34      0.00      4.59      0.01      0.00     95.06
end------
                all      0.01      0.00      0.04      0.00      0.00     99.94
                all      0.12      0.00      0.44      0.00      0.00     99.44
                all      0.11      0.00      0.45      0.00      0.00     99.43
                all      0.11      0.00      0.45      0.00      0.00     99.43
start----
                all      0.15      0.00      3.80      0.02      0.00     96.03
                all      0.05      0.00      5.96      0.00      0.00     93.99
                all      0.05      0.00      0.28      0.00      0.00     99.67
end------
                all      0.11      0.00      0.40      0.00      0.00     99.49
                all      0.12      0.00      0.44      0.00      0.00     99.44
                all      0.13      0.00      0.45      0.00      0.00     99.42
start----
                all      0.15      0.00      2.69      0.02      0.00     97.14
                all      0.04      0.00      6.10      0.00      0.00     93.86
                all      0.17      0.00      6.05      0.00      0.00     93.77
                all      0.11      0.00      5.43      0.00      0.00     94.46
                all      0.01      0.00      0.06      0.00      0.00     99.93
end------
                all      0.10      0.00      0.43      0.00      0.00     99.47
                all      0.12      0.00      0.45      0.02      0.00     99.42
                all      0.11      0.00      0.46      0.06      0.00     99.37
start----
                all      0.14      0.00      3.11      0.02      0.00     96.73
                all      0.04      0.00      6.12      0.00      0.00     93.83
                all      0.28      0.00      5.94      0.00      0.00     93.77
                all      0.51      0.00      5.32      0.00      0.00     94.17
                all      0.02      0.00      0.07      0.00      0.00     99.91
end------
                all      0.09      0.00      0.33      0.00      0.00     99.58
                all      0.12      0.00      0.44      0.00      0.00     99.44
                all      0.13      0.00      0.45      0.07      0.00     99.35
start----
                all      0.16      0.00      1.94      0.02      0.00     97.88
                all      0.04      0.00      6.03      0.00      0.00     93.93
                all      0.15      0.00      6.14      0.00      0.00     93.70
                all      0.02      0.00      5.97      0.00      0.00     94.01
                all      0.10      0.00      0.38      0.00      0.00     99.52
end------
                all      0.10      0.00      0.37      0.00      0.00     99.53
                all      0.11      0.00      0.45      0.00      0.00     99.44
                all      0.13      0.00      0.44      0.00      0.00     99.43
start----
                all      0.17      0.00      2.45      0.03      0.00     97.35
                all      0.04      0.00      6.09      0.00      0.00     93.87
                all      0.04      0.00      6.48      0.00      0.00     93.48
                all      0.03      0.00      5.14      1.27      0.00     93.55
                all      0.02      0.00      2.32      3.98      0.00     93.67
                all      0.78      0.00      5.11      0.21      0.00     93.91
                all      0.02      0.00      5.97      0.00      0.00     94.01
                all      0.02      0.00      5.97      0.00      0.00     94.01
                all      0.50      0.00      1.29      0.00      0.00     98.21
end------
                all      0.05      0.00      0.18      0.00      0.00     99.77
                all      0.13      0.00      0.45      0.00      0.00     99.43
                all      0.12      0.00      0.47      0.07      0.00     99.34
start----
                all      0.11      0.00      0.40      0.00      0.00     99.48
                all      0.13      0.00      5.62      0.02      0.00     94.23
                all      0.05      0.00      6.42      0.00      0.00     93.52
                all      0.04      0.00      6.42      0.13      0.00     93.41
                all      0.03      0.00      3.09      3.35      0.00     93.53
                all      1.09      0.00      3.28      1.99      0.00     93.64
                all      0.02      0.00      6.02      0.00      0.00     93.96
                all      0.01      0.00      5.97      0.00      0.00     94.01
                all      0.42      0.00      4.31      0.00      0.00     95.27
                all      0.02      0.00      0.08      0.01      0.00     99.89
end------
                all      0.10      0.00      0.36      0.00      0.00     99.54
                all      0.13      0.00      0.45      0.00      0.00     99.43
                all      0.11      0.00      0.46      0.00      0.00     99.43
start----
                all      0.16      0.00      2.62      0.02      0.00     97.19
                all      0.03      0.00      6.09      0.00      0.00     93.87
                all      0.04      0.00      6.51      0.00      0.00     93.45
                all      0.03      0.00      4.88      1.64      0.00     93.45
                all      0.02      0.00      2.25      4.06      0.00     93.67
                all      3.35      0.00      2.05      0.93      0.00     93.67
                all      0.47      0.00      5.61      0.03      0.00     93.89
                all      0.01      0.00      5.97      0.00      0.00     94.02
                all      0.01      0.00      5.98      0.00      0.00     94.01
                all      0.38      0.00      0.66      0.00      0.00     98.96
end------
                all      0.09      0.00      0.33      0.00      0.00     99.58
                all      0.12      0.00      0.45      0.00      0.00     99.43
                all      0.22      0.00      0.59      0.01      0.00     99.18
start----
                all      0.28      0.00      3.34      0.02      0.00     96.36
                all      0.16      0.00      7.13      0.00      0.00     92.71
end------
                all      0.03      0.00      0.15      0.00      0.00     99.81
                all      0.13      0.00      0.45      0.00      0.00     99.42
                all      0.13      0.00      0.45      0.00      0.00     99.43
start----
                all      0.11      0.00      0.42      0.00      0.00     99.46
                all      0.35      0.00      9.28      0.01      0.00     90.35
                all      0.06      0.00      0.99      0.00      0.00     98.95
end------
                all      0.10      0.00      0.38      0.00      0.00     99.52
                all      0.13      0.00      0.45      0.00      0.00     99.43
                all      0.12      0.00      0.46      0.00      0.00     99.42
start----
                all      0.27      0.00      4.10      0.03      0.00     95.61
                all      0.15      0.00      6.26      0.00      0.00     93.58
end------
                all      0.06      0.00      0.18      0.00      0.00     99.76
                all      0.13      0.00      0.44      0.00      0.00     99.44
                all      0.13      0.00      0.45      0.00      0.00     99.43
start----
                all      0.11      0.00      0.41      0.00      0.00     99.48
                all      0.25      0.00     10.31      0.03      0.00     89.41
                all      0.19      0.00      9.24      0.00      0.00     90.57
end------
                all      0.01      0.00      0.05      0.00      0.00     99.94
                all      0.11      0.00      0.47      0.00      0.00     99.42
                all      0.11      0.00      0.46      0.00      0.00     99.43
                all      0.13      0.00      0.45      0.00      0.00     99.42
start----
                all      0.26      0.00      7.52      0.03      0.00     92.20
                all      0.08      0.00     11.82      0.00      0.00     88.09
                all      0.05      0.00      0.39      0.00      0.00     99.56
end------
                all      0.10      0.00      0.38      0.00      0.00     99.52
                all      0.12      0.00      0.45      0.00      0.00     99.44
                all      0.13      0.00      0.45      0.00      0.00     99.42
start----
                all      0.30      0.00      4.78      0.02      0.00     94.90
                all      0.08      0.00     11.83      0.00      0.00     88.10
                all      0.07      0.00      3.13      0.00      0.00     96.80
end------
                all      0.08      0.00      0.28      0.00      0.00     99.64
                all      0.11      0.00      0.46      0.00      0.00     99.42
                all      0.13      0.00      0.44      0.00      0.00     99.43
start----
                all      0.28      0.00      2.20      0.04      0.00     97.48
                all      0.04      0.00     11.93      0.00      0.00     88.02
                all      0.50      0.00     11.85      0.00      0.00     87.65
                all      0.02      0.00     11.87      0.00      0.00     88.12
                all      0.24      0.00      1.66      0.00      0.00     98.10
end------
                all      0.05      0.00      0.23      0.00      0.00     99.71
                all      0.12      0.00      0.45      0.00      0.00     99.43
                all      0.13      0.00      0.44      0.07      0.00     99.37
start----
                all      0.20      0.00      0.98      0.03      0.00     98.79
                all      0.13      0.00     11.75      0.00      0.00     88.12
                all      0.49      0.00     11.80      0.01      0.00     87.70
                all      0.02      0.00     11.87      0.00      0.00     88.11
                all      0.27      0.00      3.14      0.01      0.00     96.58
end------
                all      0.04      0.00      0.18      0.00      0.00     99.78
                all      0.11      0.00      0.45      0.00      0.00     99.43
                all      0.13      0.00      0.44      0.00      0.00     99.42
start----
                all      0.11      0.00      0.40      0.00      0.00     99.48
                all      0.24      0.00     10.74      0.02      0.00     89.00
                all      0.10      0.00     12.25      0.00      0.00     87.65
                all      0.01      0.00     11.89      0.00      0.00     88.10
                all      0.33      0.00      4.01      0.00      0.00     95.66
end------
                all      0.06      0.00      0.22      0.00      0.00     99.72
                all      0.13      0.00      0.46      0.00      0.00     99.41
                all      0.13      0.00      0.44      0.00      0.00     99.43
start----
                all      0.39      0.00      1.45      0.03      0.00     98.13
                all      0.04      0.00     11.90      0.00      0.00     88.06
                all      0.04      0.00     12.43      0.00      0.00     87.53
                all      0.04      0.00     12.46      0.00      0.00     87.50
                all      0.36      0.00     10.79      1.05      0.00     87.79
                all      0.02      0.00     11.87      0.00      0.00     88.11
                all      0.01      0.00     11.88      0.00      0.00     88.11
                all      0.29      0.00      5.40      0.00      0.00     94.31
end------
                all      0.05      0.00      0.21      0.00      0.00     99.74
                all      0.12      0.00      0.44      0.00      0.00     99.44
                all      0.13      0.00      0.45      0.00      0.00     99.42
start----
                all      0.11      0.00      0.39      0.01      0.00     99.49
                all      0.25      0.00     10.92      0.03      0.00     88.81
                all      0.04      0.00     12.36      0.00      0.00     87.59
                all      0.04      0.00     12.39      0.00      0.00     87.56
                all      0.76      0.00     10.54      1.00      0.00     87.71
                all      0.01      0.00     11.88      0.00      0.00     88.11
                all      0.01      0.00     11.87      0.00      0.00     88.12
                all      0.24      0.00      8.01      0.00      0.00     91.75
end------
                all      0.02      0.00      0.10      0.00      0.00     99.88
                all      0.13      0.00      0.44      0.00      0.00     99.43
                all      0.12      0.00      0.45      0.07      0.00     99.36
start----
                all      0.13      0.00      0.43      0.00      0.00     99.44
                all      0.25      0.00      8.68      0.03      0.00     91.05
                all      0.04      0.00     12.20      0.00      0.00     87.75
                all      0.04      0.00     12.29      0.00      0.00     87.67
                all      0.56      0.00     11.09      0.63      0.00     87.72
                all      0.01      0.00     11.90      0.00      0.00     88.09
                all      0.01      0.00     11.88      0.00      0.00     88.10
                all      0.25      0.00      9.80      0.00      0.00     89.95
                all      0.02      0.00      0.07      0.01      0.00     99.90
end------
                all      0.09      0.00      0.38      0.00      0.00     99.53
                all      0.12      0.00      0.45      0.00      0.00     99.43
                all      0.13      0.00      0.44      0.00      0.00     99.43
start----
                all      0.71      0.00      8.01      0.05      0.00     91.23
                all      0.29      0.00     13.02      0.00      0.00     86.69
end------
                all      0.04      0.00      0.13      0.00      0.00     99.84
                all      0.12      0.00      0.45      0.00      0.00     99.43
                all      0.14      0.00      0.53      0.00      0.00     99.33
start----
                all      0.11      0.00      0.41      0.00      0.00     99.48
                all      0.71      0.00     18.50      0.06      0.00     80.74
                all      0.14      0.00      2.58      0.00      0.00     97.28
end------
                all      0.09      0.00      0.32      0.00      0.00     99.60
                all      0.12      0.00      0.45      0.00      0.00     99.44
                all      0.13      0.00      0.45      0.07      0.00     99.34
start----
                all      0.60      0.00      5.29      0.03      0.00     94.07
                all      0.31      0.00     15.93      0.00      0.00     83.76
end------
                all      0.02      0.00      0.08      0.00      0.00     99.90
                all      0.12      0.00      0.44      0.00      0.00     99.44
                all      0.13      0.00      0.44      0.00      0.00     99.44
                all      0.13      0.00      0.44      0.00      0.00     99.44
start----
                all      0.59      0.00     15.61      0.04      0.00     83.76
                all      0.28      0.00     23.45      0.00      0.00     76.27
                all      0.03      0.00      0.61      0.00      0.00     99.36
end------
                all      0.11      0.00      0.38      0.00      0.00     99.52
                all      0.13      0.00      0.44      0.00      0.00     99.43
                all      0.13      0.00      0.44      0.00      0.00     99.43
start----
                all      0.69      0.00      7.74      0.03      0.00     91.54
                all      0.22      0.00     23.61      0.00      0.00     76.17
                all      0.15      0.00      8.93      0.00      0.00     90.93
end------
                all      0.07      0.00      0.23      0.00      0.00     99.70
                all      0.12      0.00      0.44      0.00      0.00     99.44
                all      0.12      0.00      0.44      0.00      0.00     99.44
start----
                all      0.20      0.00      1.23      0.03      0.00     98.54
                all      0.65      0.00     21.96      0.01      0.00     77.38
                all      0.14      0.00     16.68      0.01      0.00     83.17
end------
                all      0.01      0.00      0.07      0.00      0.00     99.91
                all      0.13      0.00      0.45      0.00      0.00     99.43
                all      0.12      0.00      0.44      0.00      0.00     99.44
                all      0.13      0.00      0.44      0.00      0.00     99.43
start----
                all      0.62      0.00     14.85      0.04      0.00     84.48
                all      0.05      0.00     24.07      0.00      0.00     75.88
                all      0.42      0.00     23.41      0.00      0.00     76.17
                all      0.22      0.00     15.55      0.00      0.00     84.24
end------
                all      0.01      0.00      0.04      0.00      0.00     99.95
                all      0.12      0.00      0.43      0.00      0.00     99.45
                all      0.13      0.00      0.44      0.00      0.00     99.43
                all      0.13      0.00      0.44      0.00      0.00     99.44
start----
                all      0.60      0.00     11.73      0.04      0.00     87.63
                all      0.04      0.00     23.98      0.00      0.00     75.97
                all      0.55      0.00     23.41      0.00      0.00     76.04
                all      0.21      0.00     18.75      0.01      0.00     81.03
end------
                all      0.00      0.00      0.03      0.00      0.00     99.96
                all      0.12      0.00      0.45      0.00      0.00     99.43
                all      0.13      0.00      0.45      0.00      0.00     99.42
                all      0.12      0.00      0.45      0.00      0.00     99.44
start----
                all      0.60      0.00     12.68      0.13      0.00     86.58
                all      0.04      0.00     24.03      0.00      0.00     75.93
                all      0.73      0.00     23.10      0.00      0.00     76.17
                all      0.32      0.00     18.62      0.00      0.00     81.06
                all      0.02      0.00      0.06      0.00      0.00     99.91
end------
                all      0.11      0.00      0.38      0.00      0.00     99.51
                all      0.13      0.00      0.44      0.00      0.00     99.44
                all      0.13      0.00      0.44      0.00      0.00     99.43
start----
                all      0.69      0.00      8.39      0.04      0.00     90.88
                all      0.04      0.00     23.92      0.00      0.00     76.04
                all      0.04      0.00     24.31      0.00      0.00     75.64
                all      0.04      0.00     24.29      0.00      0.00     75.67
                all      2.14      0.00     21.79      0.00      0.00     76.06
                all      0.03      0.00     23.78      0.00      0.00     76.19
                all      0.02      0.00     23.69      0.00      0.00     76.29
                all      0.39      0.00      5.42      0.01      0.00     94.19
end------
                all      0.05      0.00      0.18      0.00      0.00     99.77
                all      0.14      0.00      0.43      0.00      0.00     99.43
                all      0.13      0.00      0.44      0.00      0.00     99.42
start----
                all      0.11      0.00      0.39      0.00      0.00     99.49
                all      0.58      0.00     20.94      0.04      0.00     78.43
                all      0.04      0.00     24.19      0.00      0.00     75.77
                all      0.03      0.00     24.28      0.00      0.00     75.69
                all      1.51      0.00     22.64      0.00      0.00     75.85
                all      0.02      0.00     23.69      0.00      0.00     76.29
                all      0.01      0.00     23.68      0.00      0.00     76.31
                all      0.44      0.00     14.98      0.00      0.00     84.57
end------
                all      0.00      0.00      0.04      0.01      0.00     99.95
                all      0.12      0.00      0.44      0.00      0.00     99.45
                all      0.13      0.00      0.44      0.00      0.00     99.43
                all      0.13      0.00      0.44      0.00      0.00     99.44
start----
                all      0.65      0.00     11.30      0.04      0.00     88.01
                all      0.06      0.00     23.98      0.00      0.00     75.95
                all      0.04      0.00     24.29      0.00      0.00     75.68
                all      1.35      0.00     22.94      0.00      0.00     75.71
                all      0.74      0.00     23.00      0.00      0.00     76.25
                all      0.02      0.00     23.70      0.00      0.00     76.29
                all      0.01      0.00     23.69      0.00      0.00     76.30
                all      0.18      0.00      1.90      0.00      0.00     97.92
end------
                all      0.09      0.00      0.36      0.00      0.00     99.55
                all      0.13      0.00      0.44      0.00      0.00     99.44
                all      0.12      0.00      0.45      0.00      0.00     99.43
start----
                all      1.39      0.00      8.71      0.14      0.00     89.76
                all      1.21      0.00     44.70      0.06      0.00     54.02
                all      0.60      0.00      7.91      0.00      0.00     91.49
end------
                all      0.07      0.00      0.26      0.00      0.00     99.67
                all      0.12      0.00      0.45      0.00      0.00     99.43
                all      0.13      0.00      0.44      0.07      0.00     99.35
start----
                all      0.42      0.00      3.81      0.01      0.00     95.76
                all      2.19      0.00     42.32      0.04      0.00     55.44
                all      0.45      0.00     14.20      0.01      0.00     85.34
end------
                all      0.06      0.00      0.23      0.00      0.00     99.71
                all      0.11      0.00      0.45      0.00      0.00     99.44
                all      0.14      0.00      0.43      0.00      0.00     99.43
start----
                all      0.21      0.00      1.76      0.06      0.00     97.97
                all      2.40      0.00     38.49      0.03      0.00     59.07
                all      0.60      0.00     20.69      0.01      0.00     78.70
end------
                all      0.03      0.00      0.13      0.00      0.00     99.84
                all      0.13      0.00      0.45      0.00      0.00     99.42
                all      0.14      0.00      0.43      0.00      0.00     99.44
start----
                all      0.11      0.00      0.40      0.00      0.00     99.49
                all      2.21      0.00     33.45      0.07      0.00     64.27
                all      0.47      0.00     46.36      0.00      0.00     53.17
                all      0.56      0.00     28.89      0.00      0.00     70.55
end------
                all      0.01      0.00      0.05      0.00      0.00     99.94
                all      0.11      0.00      0.42      0.00      0.00     99.46
                all      0.13      0.00      0.43      0.02      0.00     99.42
                all      0.12      0.00      0.45      0.05      0.00     99.38
start----
                all      2.11      0.00     16.85      0.07      0.00     80.97
                all      0.48      0.00     46.73      0.00      0.00     52.79
                all      0.54      0.00     45.22      0.00      0.00     54.24
                all      0.03      0.00      0.50      0.00      0.00     99.47
end------
                all      0.08      0.00      0.30      0.00      0.00     99.62
                all      0.14      0.00      0.52      0.00      0.00     99.33
                all      0.12      0.00      0.44      0.01      0.00     99.42
start----
                all      0.40      0.00      4.14      0.03      0.00     95.43
                all      1.85      0.00     42.54      0.03      0.00     55.58
                all      0.45      0.00     46.02      0.00      0.00     53.53
                all      0.54      0.00     15.44      0.00      0.00     84.02
end------
                all      0.02      0.00      0.11      0.00      0.00     99.86
                all      0.13      0.00      0.43      0.00      0.00     99.44
                all      0.13      0.00      0.44      0.00      0.00     99.43
start----
                all      0.13      0.00      0.40      0.00      0.00     99.47
                all      2.18      0.00     28.98      0.07      0.00     68.77
                all      0.03      0.00     47.60      0.00      0.00     52.37
                all      0.74      0.00     46.51      0.00      0.00     52.75
                all      0.02      0.00     46.40      0.00      0.00     53.58
                all      0.77      0.00     36.31      0.00      0.00     62.92
                all      0.01      0.00      0.04      0.00      0.00     99.95
end------
                all      0.12      0.00      0.41      0.00      0.00     99.47
                all      0.12      0.00      0.44      0.03      0.00     99.41
                all      0.13      0.00      0.44      0.04      0.00     99.39
start----
                all      2.13      0.00     18.19      0.05      0.00     79.64
                all      0.04      0.00     47.51      0.00      0.00     52.45
                all      0.84      0.00     46.58      0.00      0.00     52.58
                all      0.02      0.00     46.38      0.00      0.00     53.61
                all      0.86      0.00     45.54      0.00      0.00     53.60
                all      0.04      0.00      1.96      0.00      0.00     97.99
end------
                all      0.06      0.00      0.23      0.00      0.00     99.71
                all      0.12      0.00      0.45      0.00      0.00     99.43
                all      0.13      0.00      0.45      0.07      0.00     99.35
start----
                all      0.33      0.00      4.28      0.03      0.00     95.36
                all      1.82      0.00     40.06      0.03      0.00     58.09
                all      0.04      0.00     47.80      0.00      0.00     52.16
                all      0.54      0.00     46.34      0.00      0.00     53.12
                all      0.01      0.00     46.43      0.00      0.00     53.55
                all      0.68      0.00     22.53      0.00      0.00     76.80
end------
                all      0.02      0.00      0.07      0.00      0.00     99.91
                all      0.12      0.00      0.45      0.00      0.00     99.42
                all      0.13      0.00      0.44      0.00      0.00     99.43
                all      0.13      0.00      0.44      0.00      0.00     99.44
start----
                all      2.11      0.00     23.25      0.07      0.00     74.57
                all      0.04      0.00     47.57      0.00      0.00     52.39
                all      0.04      0.00     48.09      0.00      0.00     51.86
                all      0.04      0.00     48.08      0.00      0.00     51.89
                all      0.80      0.00     47.04      0.00      0.00     52.15
                all      0.02      0.00     46.44      0.00      0.00     53.54
                all      0.02      0.00     46.42      0.00      0.00     53.57
                all      0.02      0.00     46.36      0.00      0.00     53.62
                all      0.31      0.00     46.11      0.00      0.00     53.58
                all      0.43      0.00      4.15      0.01      0.00     95.41
end------
                all      0.06      0.00      0.22      0.00      0.00     99.73
                all      0.12      0.00      0.44      0.00      0.00     99.44
                all      0.13      0.00      0.44      0.00      0.00     99.43
start----
                all      0.23      0.00      1.94      0.05      0.00     97.78
                all      1.97      0.00     38.80      0.04      0.00     59.19
                all      0.04      0.00     47.76      0.00      0.00     52.20
                all      0.03      0.00     48.08      0.00      0.00     51.88
                all      0.04      0.00     48.13      0.00      0.00     51.83
                all      0.68      0.00     46.63      0.00      0.00     52.69
                all      0.02      0.00     46.39      0.00      0.00     53.59
                all      0.02      0.00     46.39      0.00      0.00     53.58
                all      0.02      0.00     46.36      0.00      0.00     53.62
                all      0.69      0.00     33.96      0.00      0.00     65.35
end------
                all      0.01      0.00      0.04      0.01      0.00     99.95
                all      0.13      0.00      0.43      0.00      0.00     99.44
                all      0.13      0.00      0.44      0.05      0.00     99.38
                all      0.12      0.00      0.44      0.02      0.00     99.41
start----
                all      2.13      0.00     19.74      0.09      0.00     78.04
                all      0.05      0.00     47.54      0.00      0.00     52.41
                all      0.04      0.00     48.07      0.00      0.00     51.89
                all      0.04      0.00     48.11      0.00      0.00     51.84
                all      0.31      0.00     47.81      0.00      0.00     51.88
                all      0.99      0.00     45.04      0.00      0.00     53.97
                all      0.02      0.00     46.41      0.00      0.00     53.57
                all      0.02      0.00     46.36      0.00      0.00     53.62
                all      0.06      0.00     46.34      0.00      0.00     53.60
                all      0.75      0.00      6.67      0.00      0.00     92.58
end------
                all      0.08      0.00      0.29      0.00      0.00     99.63
                all      0.12      0.00      0.44      0.00      0.00     99.44
                all      0.13      0.00      0.44      0.00      0.00     99.43
start----
                all      0.69      0.00     11.30      0.06      0.00     87.95
                all     10.79      0.00     46.48      0.15      0.00     42.57
                all      5.51      0.00     81.41      0.00      0.00     13.08
                all      5.06      0.00     46.90      0.00      0.00     48.04
                all      0.03      0.00      0.07      0.00      0.00     99.91
end------
                all      0.08      0.00      0.33      0.00      0.00     99.60
                all      0.12      0.00      0.44      0.00      0.00     99.44
                all      0.13      0.00      0.44      0.07      0.00     99.35
start----
                all      0.95      0.00     13.99      0.04      0.00     85.02
                all     10.90      0.00     48.61      0.17      0.00     40.32
                all      5.44      0.00     81.30      0.00      0.00     13.26
                all      4.42      0.00     44.46      0.00      0.00     51.12
                all      0.02      0.00      0.08      0.00      0.00     99.90
end------
                all      0.09      0.00      0.31      0.00      0.00     99.60
                all      0.14      0.00      0.43      0.00      0.00     99.43
                all      0.11      0.00      0.45      0.08      0.00     99.35
start----
                all      0.96      0.00     13.40      0.05      0.00     85.59
                all     11.47      0.00     56.32      0.16      0.00     32.05
                all      4.54      0.00     82.12      0.00      0.00     13.34
                all      4.33      0.00     38.32      0.00      0.00     57.35
                all      0.02      0.00      0.07      0.00      0.00     99.91
end------
                all      0.11      0.00      0.40      0.00      0.00     99.49
                all      0.13      0.00      0.44      0.00      0.00     99.44
                all      0.13      0.00      0.44      0.00      0.00     99.43
start----
                all      3.10      0.00     11.08      0.07      0.00     85.75
                all     11.06      0.00     65.19      0.12      0.00     23.64
                all      2.78      0.00     84.22      0.00      0.00     13.00
                all      6.34      0.00     77.00      0.00      0.00     16.65
                all      0.05      0.00      2.42      0.01      0.00     97.53
end------
                all      0.07      0.00      0.24      0.00      0.00     99.69
                all      0.14      0.00      0.43      0.00      0.00     99.43
                all      0.13      0.00      0.45      0.07      0.00     99.35
start----
                all      0.49      0.00      8.16      0.18      0.00     91.18
                all     12.57      0.00     47.28      0.07      0.00     40.08
                all      2.40      0.00     84.88      0.00      0.00     12.72
                all      3.78      0.00     83.97      0.00      0.00     12.25
                all      1.71      0.00     24.10      0.00      0.00     74.19
end------
                all      0.00      0.00      0.03      0.00      0.00     99.97
                all      0.13      0.00      0.44      0.00      0.00     99.43
                all      0.12      0.00      0.45      0.06      0.00     99.37
                all      0.13      0.00      0.44      0.01      0.00     99.42
start----
                all      4.35      0.00     27.28      0.19      0.00     68.18
                all      8.62      0.00     75.75      0.07      0.00     15.57
                all      0.05      0.00     87.54      0.00      0.00     12.41
                all      4.82      0.00     54.37      0.00      0.00     40.81
                all      0.02      0.00      0.09      0.00      0.00     99.89
end------
                all      0.09      0.00      0.37      0.00      0.00     99.55
                all      0.12      0.00      0.44      0.00      0.00     99.44
                all      0.13      0.00      0.44      0.08      0.00     99.34
start----
                all      1.03      0.00     13.49      0.03      0.00     85.46
                all     12.47      0.00     60.54      0.40      0.00     26.60
                all      0.17      0.00     88.30      0.00      0.00     11.53
                all      8.20      0.00     80.10      0.00      0.00     11.71
                all      0.06      0.00     87.48      0.00      0.00     12.46
                all      0.04      0.00     87.45      0.00      0.00     12.51
                all      7.06      0.00     82.17      0.00      0.00     10.78
                all      0.07      0.00      8.71      0.01      0.00     91.21
end------
                all      0.04      0.00      0.15      0.00      0.00     99.81
                all      0.13      0.00      0.44      0.00      0.00     99.43
                all      0.13      0.00      0.44      0.00      0.00     99.43
start----
                all      0.11      0.00      0.42      0.00      0.00     99.47
                all      5.07      0.00     36.81      0.15      0.00     57.97
                all      4.61      0.00     82.61      0.01      0.00     12.76
                all      3.38      0.00     83.86      0.00      0.00     12.76
                all      0.04      0.00     87.54      0.00      0.00     12.42
                all      0.06      0.00     87.64      0.00      0.00     12.30
                all      4.77      0.00     48.34      0.00      0.00     46.88
                all      0.03      0.00      0.08      0.00      0.00     99.89
end------
                all      0.08      0.00      0.28      0.00      0.00     99.64
                all      0.11      0.00      0.45      0.00      0.00     99.44
                all      0.13      0.00      0.44      0.07      0.00     99.36
start----
                all      0.95      0.00     12.24      0.05      0.00     86.76
                all     10.94      0.00     50.97      0.15      0.00     37.94
                all      2.01      0.00     84.85      0.00      0.00     13.14
                all      0.06      0.00     87.51      0.00      0.00     12.43
                all      0.06      0.00     87.39      0.00      0.00     12.55
                all      8.54      0.00     80.94      0.01      0.00     10.51
                all      0.08      0.00     14.24      0.00      0.00     85.68
end------
                all      0.04      0.00      0.15      0.00      0.00     99.80
                all      0.13      0.00      0.45      0.00      0.00     99.42
                all      0.13      0.00      0.44      0.00      0.00     99.43
start----
                all      0.12      0.00      0.39      0.00      0.00     99.48
                all      9.93      0.00     40.35      0.15      0.00     49.58
                all      0.28      0.00     85.43      0.00      0.00     14.29
                all      0.07      0.00     88.57      0.00      0.00     11.36
                all      6.83      0.00     81.83      0.00      0.00     11.34
                all      0.04      0.00     87.48      0.00      0.00     12.48
                all      0.05      0.00     87.38      0.00      0.00     12.56
                all      0.04      0.00     87.42      0.00      0.00     12.54
                all      0.06      0.00     87.40      0.00      0.00     12.54
                all      0.05      0.00     87.51      0.00      0.00     12.44
                all      5.56      0.00     53.21      0.00      0.00     41.24
                all      0.03      0.00      0.09      0.00      0.00     99.88
end------
                all      0.10      0.00      0.37      0.00      0.00     99.54
                all      0.13      0.00      0.44      0.00      0.00     99.44
                all      0.13      0.00      0.45      0.07      0.00     99.35
start----
                all      1.01      0.00     12.56      0.04      0.00     86.38
                all     12.05      0.00     62.48      0.24      0.00     25.22
                all      0.07      0.00     88.16      0.00      0.00     11.77
                all      0.08      0.00     88.77      0.00      0.00     11.15
                all      2.78      0.00     84.85      0.00      0.00     12.36
                all      0.06      0.00     87.48      0.00      0.00     12.46
                all      0.04      0.00     87.39      0.00      0.00     12.57
                all      0.05      0.00     87.46      0.00      0.00     12.49
                all      0.04      0.00     87.50      0.00      0.00     12.46
                all      7.16      0.00     81.47      0.00      0.00     11.36
                all      0.09      0.00     19.31      0.01      0.00     80.59
end------
                all      0.01      0.00      0.04      0.00      0.00     99.95
                all      0.13      0.00      0.44      0.00      0.00     99.43
                all      0.13      0.00      0.44      0.07      0.00     99.36
                all      0.14      0.00      0.43      0.00      0.00     99.44
start----
                all      3.87      0.00     26.58      0.10      0.00     69.44
                all      5.50      0.00     79.42      0.10      0.00     14.98
                all      0.08      0.00     88.85      0.00      0.00     11.07
                all      0.08      0.00     88.86      0.00      0.00     11.06
                all      4.91      0.00     82.02      0.00      0.00     13.07
                all      0.05      0.00     87.48      0.00      0.00     12.47
                all      0.04      0.00     87.36      0.00      0.00     12.60
                all      0.07      0.00     87.51      0.00      0.00     12.42
                all      0.04      0.00     87.44      0.00      0.00     12.51
                all      0.06      0.00     87.44      0.00      0.00     12.50
                all      5.84      0.00     73.83      0.00      0.00     20.33
                all      0.04      0.00      0.77      0.00      0.00     99.19
end------
                all      0.06      0.00      0.19      0.00      0.00     99.75
                all      0.14      0.00      0.43      0.00      0.00     99.44
                all      0.13      0.00      0.44      0.00      0.00     99.43
                all      0.12      0.00      0.38      0.00      0.00     99.50
End of data collecting unexpected
