
Linux 5.2.8org200301+ (knl03.kisti.re.kr) 	2020년 04월 03일 	_x86_64_	(272 CPU)

                CPU     %user     %nice   %system   %iowait    %steal     %idle
                all      0.03      0.00      0.10      0.00      0.00     99.88
                all      0.02      0.00      0.08      0.15      0.00     99.75
                all      0.01      0.00      0.08      0.37      0.00     99.54
                all      0.02      0.00      0.07      0.37      0.00     99.54
                all      0.02      0.00      0.07      0.10      0.00     99.82
                all      0.02      0.00      0.12      0.25      0.00     99.61
                all      0.03      0.00      0.09      0.02      0.00     99.86
                all      0.04      0.00      0.11      0.00      0.00     99.85
                all      0.09      0.00      0.32      0.01      0.00     99.58
                all      0.02      0.00      0.08      0.00      0.00     99.90
                all      0.01      0.00      0.07      0.00      0.00     99.92
                all      0.01      0.00      0.07      0.00      0.00     99.92
start----
                all      0.08      0.00      0.94      0.02      0.00     98.95
                all      0.05      0.00      2.52      0.01      0.00     97.42
end------
                all      0.01      0.00      0.07      0.00      0.00     99.92
                all      0.12      0.00      0.44      0.00      0.00     99.44
                all      0.12      0.00      0.46      0.00      0.00     99.42
                all      0.11      0.00      0.46      0.00      0.00     99.43
start----
                all      0.10      0.00      1.89      0.03      0.00     97.99
                all      0.05      0.00      1.54      0.00      0.00     98.41
end------
                all      0.06      0.00      0.19      0.00      0.00     99.75
                all      0.12      0.00      0.46      0.00      0.00     99.42
                all      0.11      0.00      0.48      0.00      0.00     99.40
start----
                all      0.10      0.00      0.40      0.00      0.00     99.49
                all      0.07      0.00      2.90      0.01      0.00     97.02
                all      0.06      0.00      0.52      0.01      0.00     99.41
end------
                all      0.15      0.00      0.40      0.00      0.00     99.45
                all      0.13      0.00      0.45      0.00      0.00     99.43
                all      0.14      0.00      0.45      0.00      0.00     99.41
start----
                all      0.14      0.00      1.14      0.02      0.00     98.71
                all      0.06      0.00      3.01      0.00      0.00     96.93
                all      0.05      0.00      2.65      0.00      0.00     97.30
                all      0.02      0.00      0.08      0.01      0.00     99.89
end------
                all      0.11      0.00      0.40      0.00      0.00     99.49
                all      0.13      0.00      0.45      0.00      0.00     99.42
                all      0.12      0.00      0.46      0.00      0.00     99.42
start----
                all      0.14      0.00      1.35      0.02      0.00     98.49
                all      0.07      0.00      3.00      0.00      0.00     96.93
                all      0.06      0.00      2.34      0.00      0.00     97.59
                all      0.03      0.00      0.06      0.01      0.00     99.91
end------
                all      0.12      0.00      0.39      0.00      0.00     99.49
                all      0.17      0.00      0.44      0.00      0.00     99.39
                all      0.14      0.00      0.46      0.00      0.00     99.40
start----
                all      0.13      0.00      1.48      0.02      0.00     98.37
                all      0.05      0.00      3.01      0.00      0.00     96.94
                all      0.60      0.00      2.44      0.00      0.00     96.96
                all      0.04      0.00      0.09      0.00      0.00     99.87
end------
                all      0.08      0.00      0.33      0.00      0.00     99.59
                all      0.11      0.00      0.46      0.00      0.00     99.43
                all      0.12      0.00      0.46      0.07      0.00     99.35
start----
                all      0.13      0.00      1.05      0.02      0.00     98.79
                all      0.04      0.00      2.99      0.00      0.00     96.97
                all      0.06      0.00      3.34      0.00      0.00     96.61
                all      0.09      0.00      3.31      0.00      0.00     96.60
                all      0.05      0.00      3.02      0.00      0.00     96.93
                all      0.09      0.00      0.43      0.00      0.00     99.47
end------
                all      0.09      0.00      0.32      0.00      0.00     99.60
                all      0.13      0.00      0.46      0.00      0.00     99.42
                all      0.15      0.00      0.45      0.06      0.00     99.34
start----
                all      0.13      0.00      1.12      0.03      0.00     98.73
                all      0.05      0.00      3.00      0.00      0.00     96.95
                all      0.04      0.00      3.32      0.00      0.00     96.64
                all      0.06      0.00      3.31      0.00      0.00     96.63
                all      0.03      0.00      3.02      0.00      0.00     96.95
                all      0.09      0.00      0.18      0.00      0.00     99.73
end------
                all      0.12      0.00      0.39      0.00      0.00     99.50
                all      0.12      0.00      0.45      0.00      0.00     99.42
                all      0.15      0.00      0.45      0.00      0.00     99.40
start----
                all      0.12      0.00      1.35      0.02      0.00     98.51
                all      0.07      0.00      3.00      0.00      0.00     96.93
                all      0.05      0.00      3.41      0.00      0.00     96.54
                all      0.14      0.00      3.27      0.00      0.00     96.59
                all      0.11      0.00      2.97      0.00      0.00     96.92
                all      0.03      0.00      0.08      0.01      0.00     99.89
end------
                all      0.09      0.00      0.39      0.00      0.00     99.53
                all      0.12      0.00      0.46      0.00      0.00     99.42
                all      0.14      0.00      0.45      0.00      0.00     99.40
start----
                all      0.14      0.00      1.46      0.03      0.00     98.37
                all      0.07      0.00      3.00      0.00      0.00     96.93
                all      0.07      0.00      3.43      0.00      0.00     96.49
                all      0.03      0.00      3.53      0.00      0.00     96.44
                all      0.03      0.00      3.60      0.00      0.00     96.37
                all      0.06      0.00      3.40      0.17      0.00     96.38
                all      0.06      0.00      1.75      1.65      0.00     96.54
                all      0.20      0.00      2.59      0.39      0.00     96.82
                all      0.03      0.00      3.07      0.00      0.00     96.90
                all      0.05      0.00      3.04      0.00      0.00     96.91
                all      0.25      0.00      0.60      0.01      0.00     99.14
end------
                all      0.12      0.00      0.29      0.00      0.00     99.59
                all      0.13      0.00      0.45      0.00      0.00     99.41
                all      0.12      0.00      0.46      0.00      0.00     99.42
start----
                all      0.15      0.00      0.81      0.02      0.00     99.02
                all      0.07      0.00      3.01      0.00      0.00     96.92
                all      0.05      0.00      3.21      0.00      0.00     96.74
                all      0.03      0.00      3.48      0.00      0.00     96.50
                all      0.07      0.00      3.49      0.01      0.00     96.43
                all      0.04      0.00      3.51      0.01      0.00     96.44
                all      0.03      0.00      2.15      1.32      0.00     96.51
                all      0.47      0.00      2.13      0.77      0.00     96.63
                all      0.05      0.00      3.06      0.00      0.00     96.89
                all      0.03      0.00      3.02      0.00      0.00     96.95
                all      0.38      0.00      1.57      0.00      0.00     98.04
end------
                all      0.05      0.00      0.14      0.00      0.00     99.81
                all      0.12      0.00      0.46      0.00      0.00     99.42
                all      0.13      0.00      0.46      0.00      0.00     99.41
start----
                all      0.11      0.00      0.42      0.00      0.00     99.47
                all      0.08      0.00      2.54      0.02      0.00     97.36
                all      0.04      0.00      3.06      0.00      0.00     96.91
                all      0.06      0.00      3.56      0.00      0.00     96.38
                all      0.06      0.00      3.54      0.00      0.00     96.40
                all      0.08      0.00      3.55      0.00      0.00     96.37
                all      0.08      0.00      2.83      0.63      0.00     96.45
                all      0.32      0.00      1.97      1.09      0.00     96.62
                all      0.03      0.00      3.06      0.00      0.00     96.91
                all      0.03      0.00      3.02      0.00      0.00     96.95
                all      0.36      0.00      2.07      0.00      0.00     97.58
end------
                all      0.03      0.00      0.04      0.00      0.00     99.93
                all      0.15      0.00      0.45      0.00      0.00     99.39
                all      0.14      0.00      0.45      0.07      0.00     99.34
                all      0.14      0.00      0.44      0.00      0.00     99.42
start----
                all      0.15      0.00      4.03      0.03      0.00     95.79
                all      0.05      0.00      1.19      0.00      0.00     98.75
end------
                all      0.10      0.00      0.34      0.00      0.00     99.56
                all      0.11      0.00      0.45      0.00      0.00     99.43
                all      0.12      0.00      0.45      0.00      0.00     99.43
start----
                all      0.17      0.00      1.62      0.03      0.00     98.18
                all      0.06      0.00      3.81      0.00      0.00     96.13
end------
                all      0.06      0.00      0.13      0.00      0.00     99.81
                all      0.12      0.00      0.45      0.00      0.00     99.44
                all      0.11      0.00      0.46      0.00      0.00     99.43
start----
                all      0.11      0.00      0.42      0.00      0.00     99.47
                all      0.16      0.00      4.79      0.02      0.00     95.03
                all      0.05      0.00      0.38      0.00      0.00     99.56
end------
                all      0.10      0.00      0.40      0.00      0.00     99.50
                all      0.13      0.00      0.44      0.00      0.00     99.43
                all      0.13      0.00      0.46      0.00      0.00     99.41
start----
                all      0.19      0.00      2.42      0.02      0.00     97.38
                all      0.09      0.00      5.92      0.00      0.00     93.99
                all      0.06      0.00      1.84      0.00      0.00     98.09
end------
                all      0.10      0.00      0.25      0.00      0.00     99.65
                all      0.15      0.00      0.45      0.00      0.00     99.40
                all      0.13      0.00      0.45      0.07      0.00     99.35
start----
                all      0.22      0.00      1.09      0.02      0.00     98.67
                all      0.11      0.00      5.96      0.00      0.00     93.93
                all      0.06      0.00      3.18      0.00      0.00     96.76
end------
                all      0.07      0.00      0.14      0.00      0.00     99.80
                all      0.16      0.00      0.53      0.00      0.00     99.32
                all      0.16      0.00      0.46      0.00      0.00     99.38
start----
                all      0.12      0.00      0.41      0.01      0.00     99.47
                all      0.17      0.00      5.43      0.02      0.00     94.37
                all      0.11      0.00      4.57      0.00      0.00     95.32
end------
                all      0.02      0.00      0.04      0.00      0.00     99.94
                all      0.12      0.00      0.45      0.00      0.00     99.43
                all      0.14      0.00      0.46      0.07      0.00     99.32
                all      0.15      0.00      0.45      0.00      0.00     99.40
start----
                all      0.17      0.00      3.76      0.02      0.00     96.04
                all      0.10      0.00      6.18      0.00      0.00     93.71
                all      0.18      0.00      6.01      0.00      0.00     93.81
                all      0.15      0.00      4.30      0.00      0.00     95.55
end------
                all      0.02      0.00      0.10      0.00      0.00     99.88
                all      0.11      0.00      0.46      0.00      0.00     99.43
                all      0.14      0.00      0.44      0.00      0.00     99.42
                all      0.11      0.00      0.46      0.00      0.00     99.42
start----
                all      0.15      0.00      4.28      0.02      0.00     95.55
                all      0.06      0.00      6.24      0.00      0.00     93.70
                all      0.84      0.00      5.31      0.00      0.00     93.84
                all      0.44      0.00      4.92      0.00      0.00     94.64
                all      0.02      0.00      0.07      0.02      0.00     99.88
end------
                all      0.09      0.00      0.36      0.00      0.00     99.54
                all      0.12      0.00      0.45      0.00      0.00     99.43
                all      0.13      0.00      0.44      0.00      0.00     99.43
start----
                all      0.17      0.00      2.10      0.02      0.00     97.71
                all      0.04      0.00      6.06      0.00      0.00     93.89
                all      0.14      0.00      6.13      0.00      0.00     93.72
                all      0.03      0.00      5.97      0.00      0.00     94.01
                all      0.12      0.00      0.23      0.00      0.00     99.65
end------
                all      0.07      0.00      0.30      0.00      0.00     99.63
                all      0.11      0.00      0.46      0.00      0.00     99.43
                all      0.12      0.00      0.45      0.00      0.00     99.43
start----
                all      0.18      0.00      1.43      0.03      0.00     98.36
                all      0.04      0.00      6.00      0.00      0.00     93.96
                all      0.04      0.00      6.46      0.00      0.00     93.50
                all      0.04      0.00      5.88      0.67      0.00     93.41
                all      0.03      0.00      2.66      3.80      0.00     93.51
                all      0.73      0.00      4.42      1.12      0.00     93.73
                all      0.02      0.00      6.01      0.00      0.00     93.97
                all      0.01      0.00      5.97      0.00      0.00     94.02
                all      0.58      0.00      2.66      0.00      0.00     96.77
end------
                all      0.04      0.00      0.14      0.00      0.00     99.82
                all      0.12      0.00      0.44      0.00      0.00     99.44
                all      0.12      0.00      0.45      0.08      0.00     99.35
start----
                all      0.12      0.00      0.40      0.00      0.00     99.48
                all      0.15      0.00      5.38      0.02      0.00     94.45
                all      0.04      0.00      6.37      0.00      0.00     93.59
                all      0.04      0.00      6.54      0.00      0.00     93.42
                all      0.03      0.00      3.04      3.38      0.00     93.56
                all      0.71      0.00      3.16      2.47      0.00     93.66
                all      0.03      0.00      5.97      0.00      0.00     94.00
                all      0.01      0.00      5.98      0.00      0.00     94.00
                all      0.16      0.00      4.50      0.01      0.00     95.33
end------
                all      0.07      0.00      0.10      0.01      0.00     99.83
                all      0.13      0.00      0.45      0.00      0.00     99.43
                all      0.12      0.00      0.47      0.00      0.00     99.40
                all      0.12      0.00      0.45      0.00      0.00     99.43
start----
                all      0.14      0.00      3.98      0.02      0.00     95.86
                all      0.04      0.00      6.23      0.00      0.00     93.72
                all      0.08      0.00      6.60      0.00      0.00     93.31
                all      0.05      0.00      4.20      2.29      0.00     93.46
                all      0.67      0.00      2.56      3.25      0.00     93.52
                all      0.02      0.00      6.02      0.03      0.00     93.94
                all      0.03      0.00      5.98      0.00      0.00     94.00
                all      0.46      0.00      5.54      0.00      0.00     93.99
                all      0.11      0.00      0.18      0.01      0.00     99.70
end------
                all      0.10      0.00      0.28      0.00      0.00     99.61
                all      0.13      0.00      0.46      0.00      0.00     99.41
                all      0.13      0.00      0.44      0.00      0.00     99.42
start----
                all      0.32      0.00      2.09      0.02      0.00     97.57
                all      0.15      0.00      8.50      0.00      0.00     91.36
end------
                all      0.07      0.00      0.06      0.00      0.00     99.87
                all      0.18      0.00      0.45      0.00      0.00     99.37
                all      0.17      0.00      0.46      0.08      0.00     99.28
                all      0.14      0.00      0.45      0.00      0.00     99.41
start----
                all      0.32      0.00      8.13      0.03      0.00     91.52
                all      0.08      0.00      2.20      0.00      0.00     97.72
end------
                all      0.14      0.00      0.28      0.00      0.00     99.57
                all      0.18      0.00      0.45      0.00      0.00     99.37
                all      0.13      0.00      0.45      0.00      0.00     99.42
start----
                all      0.34      0.00      2.83      0.04      0.00     96.79
                all      0.11      0.00      7.57      0.00      0.00     92.32
end------
                all      0.06      0.00      0.14      0.00      0.00     99.80
                all      0.16      0.00      0.45      0.00      0.00     99.39
                all      0.20      0.00      0.45      0.00      0.00     99.36
start----
                all      0.12      0.00      0.43      0.00      0.00     99.45
                all      0.25      0.00      9.14      0.03      0.00     90.59
                all      0.16      0.00     10.58      0.00      0.00     89.26
end------
                all      0.00      0.00      0.04      0.01      0.00     99.94
                all      0.12      0.00      0.42      0.00      0.00     99.46
                all      0.13      0.00      0.45      0.00      0.00     99.43
                all      0.12      0.00      0.45      0.00      0.00     99.43
start----
                all      0.28      0.00      6.33      0.03      0.00     93.37
                all      0.12      0.00     11.79      0.00      0.00     88.09
                all      0.06      0.00      1.62      0.00      0.00     98.32
end------
                all      0.10      0.00      0.34      0.00      0.00     99.56
                all      0.12      0.00      0.45      0.00      0.00     99.44
                all      0.12      0.00      0.45      0.00      0.00     99.43
start----
                all      0.29      0.00      3.70      0.03      0.00     95.99
                all      0.14      0.00     11.78      0.00      0.00     88.09
                all      0.07      0.00      4.37      0.00      0.00     95.56
end------
                all      0.06      0.00      0.24      0.00      0.00     99.70
                all      0.13      0.00      0.44      0.00      0.00     99.43
                all      0.11      0.00      0.47      0.00      0.00     99.42
start----
                all      0.30      0.00      1.06      0.02      0.00     98.63
                all      0.05      0.00     11.90      0.00      0.00     88.06
                all      0.08      0.00     12.24      0.00      0.00     87.68
                all      0.01      0.00     11.87      0.00      0.00     88.12
                all      0.31      0.00      2.23      0.01      0.00     97.45
end------
                all      0.07      0.00      0.28      0.00      0.00     99.65
                all      0.11      0.00      0.45      0.00      0.00     99.43
                all      0.11      0.00      0.46      0.07      0.00     99.36
start----
                all      0.31      0.00      2.49      0.03      0.00     97.18
                all      0.04      0.00     11.95      0.00      0.00     88.02
                all      0.35      0.00     11.92      0.00      0.00     87.73
                all      0.02      0.00     11.88      0.00      0.00     88.09
                all      0.30      0.00      1.29      0.00      0.00     98.41
end------
                all      0.05      0.00      0.26      0.00      0.00     99.68
                all      0.12      0.00      0.45      0.00      0.00     99.43
                all      0.14      0.00      0.52      0.08      0.00     99.25
start----
                all      0.30      0.00      1.42      0.03      0.00     98.25
                all      0.05      0.00     11.91      0.00      0.00     88.03
                all      0.23      0.00     12.07      0.00      0.00     87.70
                all      0.02      0.00     11.87      0.00      0.00     88.10
                all      0.29      0.00      2.17      0.01      0.00     97.54
end------
                all      0.10      0.00      0.32      0.01      0.00     99.57
                all      0.16      0.00      0.45      0.00      0.00     99.38
                all      0.14      0.00      0.46      0.00      0.00     99.40
start----
                all      0.35      0.00      2.35      0.03      0.00     97.27
                all      0.07      0.00     11.94      0.00      0.00     87.99
                all      0.06      0.00     12.44      0.00      0.00     87.50
                all      0.13      0.00     12.48      0.04      0.00     87.35
                all      0.98      0.00      7.92      3.30      0.00     87.80
                all      0.07      0.00     11.91      0.00      0.00     88.02
                all      0.02      0.00     11.87      0.00      0.00     88.11
                all      0.53      0.00      6.84      0.00      0.00     92.62
end------
                all      0.03      0.00      0.10      0.00      0.00     99.87
                all      0.13      0.00      0.45      0.00      0.00     99.42
                all      0.12      0.00      0.45      0.00      0.00     99.43
start----
                all      0.11      0.00      0.42      0.00      0.00     99.46
                all      0.26      0.00      9.47      0.02      0.00     90.25
                all      0.04      0.00     12.28      0.00      0.00     87.67
                all      0.04      0.00     12.44      0.00      0.00     87.52
                all      1.32      0.00      7.31      3.77      0.00     87.60
                all      0.11      0.00     11.97      0.00      0.00     87.92
                all      0.05      0.00     11.88      0.00      0.00     88.07
                all      0.14      0.00     11.80      0.00      0.00     88.07
                all      0.37      0.00      0.39      0.01      0.00     99.23
end------
                all      0.07      0.00      0.26      0.00      0.00     99.67
                all      0.14      0.00      0.45      0.00      0.00     99.41
                all      0.13      0.00      0.44      0.07      0.00     99.35
start----
                all      0.30      0.00      2.09      0.02      0.00     97.59
                all      0.04      0.00     11.93      0.00      0.00     88.03
                all      0.04      0.00     12.42      0.00      0.00     87.54
                all      0.04      0.00     12.41      0.00      0.00     87.54
                all      1.03      0.00      7.53      3.58      0.00     87.86
                all      0.02      0.00     11.92      0.00      0.00     88.06
                all      0.01      0.00     11.87      0.00      0.00     88.12
                all      0.52      0.00      7.31      0.00      0.00     92.17
end------
                all      0.01      0.00      0.05      0.00      0.00     99.94
                all      0.11      0.00      0.45      0.00      0.00     99.43
                all      0.12      0.00      0.45      0.00      0.00     99.43
                all      0.13      0.00      0.44      0.00      0.00     99.44
start----
                all      0.80      0.00     12.10      0.07      0.00     87.03
                all      0.16      0.00      9.18      0.01      0.00     90.64
end------
                all      0.06      0.00      0.22      0.00      0.00     99.73
                all      0.13      0.00      0.44      0.00      0.00     99.43
                all      0.13      0.00      0.44      0.00      0.00     99.43
start----
                all      0.17      0.00      1.12      0.04      0.00     98.67
                all      0.81      0.00     20.38      0.01      0.00     78.81
                all      0.02      0.00      0.05      0.00      0.00     99.92
end------
                all      0.10      0.00      0.42      0.00      0.00     99.48
                all      0.11      0.00      0.45      0.00      0.00     99.44
                all      0.13      0.00      0.45      0.00      0.00     99.42
start----
                all      0.58      0.00      9.46      0.04      0.00     89.91
                all      0.27      0.00     11.77      0.00      0.00     87.96
end------
                all      0.04      0.00      0.16      0.00      0.00     99.80
                all      0.13      0.00      0.44      0.00      0.00     99.43
                all      0.12      0.00      0.44      0.07      0.00     99.36
start----
                all      0.11      0.00      0.44      0.01      0.00     99.44
                all      0.74      0.00     19.42      0.04      0.00     79.80
                all      0.25      0.00     20.23      0.00      0.00     79.52
end------
                all      0.00      0.00      0.04      0.00      0.00     99.96
                all      0.13      0.00      0.45      0.00      0.00     99.42
                all      0.13      0.00      0.44      0.00      0.00     99.43
                all      0.12      0.00      0.46      0.00      0.00     99.42
start----
                all      0.62      0.00     11.18      0.03      0.00     88.17
                all      0.17      0.00     23.61      0.00      0.00     76.23
                all      0.15      0.00      5.10      0.00      0.00     94.75
end------
                all      0.08      0.00      0.30      0.00      0.00     99.62
                all      0.12      0.00      0.45      0.00      0.00     99.44
                all      0.12      0.00      0.45      0.00      0.00     99.42
start----
                all      0.66      0.00      3.21      0.13      0.00     96.00
                all      0.24      0.00     23.50      0.00      0.00     76.26
                all      0.16      0.00     13.39      0.00      0.00     86.45
end------
                all      0.05      0.00      0.16      0.00      0.00     99.79
                all      0.13      0.00      0.44      0.00      0.00     99.43
                all      0.13      0.00      0.45      0.00      0.00     99.42
start----
                all      0.12      0.00      0.40      0.00      0.00     99.48
                all      0.52      0.00     18.28      0.05      0.00     81.15
                all      0.49      0.00     23.70      0.00      0.00     75.81
                all      0.35      0.00     23.41      0.00      0.00     76.24
                all      0.30      0.00     12.91      0.00      0.00     86.79
end------
                all      0.02      0.00      0.07      0.00      0.00     99.91
                all      0.12      0.00      0.45      0.00      0.00     99.43
                all      0.13      0.00      0.45      0.00      0.00     99.42
                all      0.13      0.00      0.44      0.00      0.00     99.42
start----
                all      0.65      0.00     14.20      0.06      0.00     85.09
                all      0.04      0.00     24.03      0.00      0.00     75.92
                all      0.27      0.00     23.54      0.00      0.00     76.19
                all      0.31      0.00     16.16      0.00      0.00     83.53
end------
                all      0.01      0.00      0.04      0.00      0.00     99.95
                all      0.11      0.00      0.42      0.00      0.00     99.47
                all      0.12      0.00      0.44      0.03      0.00     99.41
                all      0.13      0.00      0.44      0.04      0.00     99.38
start----
                all      0.59      0.00     10.91      0.04      0.00     88.45
                all      0.04      0.00     23.99      0.00      0.00     75.97
                all      0.54      0.00     23.40      0.00      0.00     76.06
                all      0.28      0.00     19.60      0.00      0.00     80.13
end------
                all      0.01      0.00      0.03      0.00      0.00     99.96
                all      0.12      0.00      0.45      0.00      0.00     99.43
                all      0.14      0.00      0.43      0.00      0.00     99.43
                all      0.15      0.00      0.45      0.00      0.00     99.40
start----
                all      0.63      0.00     11.97      0.05      0.00     87.35
                all      0.06      0.00     24.02      0.00      0.00     75.92
                all      0.09      0.00     24.32      0.00      0.00     75.59
                all      1.57      0.00     22.90      0.00      0.00     75.53
                all      1.03      0.00     22.78      0.00      0.00     76.19
                all      0.02      0.00     23.70      0.00      0.00     76.28
                all      0.03      0.00     23.70      0.00      0.00     76.27
                all      0.52      0.00      2.64      0.00      0.00     96.84
end------
                all      0.11      0.00      0.30      0.00      0.00     99.58
                all      0.13      0.00      0.45      0.00      0.00     99.42
                all      0.14      0.00      0.44      0.07      0.00     99.34
start----
                all      0.69      0.00      4.77      0.04      0.00     94.50
                all      0.05      0.00     23.86      0.00      0.00     76.09
                all      0.06      0.00     24.29      0.00      0.00     75.65
                all      0.06      0.00     24.33      0.00      0.00     75.61
                all      2.46      0.00     21.62      0.00      0.00     75.91
                all      0.02      0.00     23.72      0.00      0.00     76.26
                all      0.04      0.00     23.80      0.00      0.00     76.16
                all      0.45      0.00      9.92      0.00      0.00     89.63
end------
                all      0.05      0.00      0.17      0.00      0.00     99.78
                all      0.13      0.00      0.45      0.00      0.00     99.43
                all      0.12      0.00      0.45      0.07      0.00     99.36
start----
                all      0.11      0.00      0.40      0.01      0.00     99.48
                all      0.56      0.00     21.18      0.04      0.00     78.22
                all      0.04      0.00     24.10      0.00      0.00     75.86
                all      0.05      0.00     24.15      0.00      0.00     75.80
                all      0.33      0.00     23.59      0.01      0.00     76.07
                all      0.02      0.00     23.69      0.00      0.00     76.29
                all      0.02      0.00     23.69      0.00      0.00     76.29
                all      0.43      0.00     14.00      0.00      0.00     85.57
end------
                all      0.02      0.00      0.12      0.00      0.00     99.86
                all      0.13      0.00      0.44      0.00      0.00     99.43
                all      0.13      0.00      0.45      0.00      0.00     99.42
start----
                all      0.12      0.00      0.41      0.00      0.00     99.47
                all      2.09      0.00     30.29      0.07      0.00     67.54
                all      1.18      0.00     30.75      0.02      0.00     68.05
end------
                all      0.00      0.00      0.04      0.00      0.00     99.96
                all      0.13      0.00      0.44      0.00      0.00     99.43
                all      0.13      0.00      0.44      0.07      0.00     99.36
                all      0.13      0.00      0.44      0.00      0.00     99.43
start----
                all      2.03      0.00     23.05      0.07      0.00     74.85
                all      0.98      0.00     37.76      0.00      0.00     61.25
end------
                all      0.01      0.00      0.05      0.00      0.00     99.94
                all      0.12      0.00      0.44      0.00      0.00     99.44
                all      0.13      0.00      0.44      0.00      0.00     99.44
                all      0.13      0.00      0.44      0.00      0.00     99.44
start----
                all      2.23      0.00     15.81      0.07      0.00     81.89
                all      1.00      0.00     44.87      0.00      0.00     54.12
                all      0.03      0.00      0.19      0.00      0.00     99.78
end------
                all      0.10      0.00      0.33      0.00      0.00     99.57
                all      0.17      0.00      0.45      0.00      0.00     99.38
                all      0.14      0.00      0.44      0.07      0.00     99.35
start----
                all      2.23      0.00      9.26      0.05      0.00     88.46
                all      0.07      0.00     47.50      0.00      0.00     52.43
                all      0.51      0.00     45.84      0.00      0.00     53.64
                all      0.55      0.00      6.73      0.00      0.00     92.72
end------
                all      0.06      0.00      0.20      0.00      0.00     99.74
                all      0.13      0.00      0.44      0.00      0.00     99.42
                all      0.15      0.00      0.44      0.07      0.00     99.34
start----
                all      0.18      0.00      0.69      0.02      0.00     99.11
                all      2.19      0.00     38.43      0.03      0.00     59.35
                all      0.43      0.00     46.23      0.00      0.00     53.34
                all      0.59      0.00     24.05      0.00      0.00     75.36
end------
                all      0.02      0.00      0.11      0.00      0.00     99.87
                all      0.13      0.00      0.44      0.00      0.00     99.44
                all      0.11      0.00      0.46      0.00      0.00     99.43
start----
                all      0.11      0.00      0.41      0.00      0.00     99.47
                all      2.14      0.00     30.43      0.09      0.00     67.34
                all      0.46      0.00     46.56      0.00      0.00     52.98
                all      0.54      0.00     32.15      0.00      0.00     67.31
end------
                all      0.00      0.00      0.03      0.00      0.00     99.96
                all      0.12      0.00      0.44      0.00      0.00     99.44
                all      0.13      0.00      0.46      0.00      0.00     99.41
                all      0.14      0.00      0.44      0.00      0.00     99.43
start----
                all      2.06      0.00     22.02      0.17      0.00     75.74
                all      0.04      0.00     47.57      0.00      0.00     52.39
                all      0.52      0.00     46.39      0.05      0.00     53.04
                all      0.04      0.00     46.50      0.00      0.00     53.47
                all      1.27      0.00     43.31      0.00      0.00     55.42
                all      0.03      0.00      0.10      0.01      0.00     99.86
end------
                all      0.12      0.00      0.37      0.00      0.00     99.52
                all      0.14      0.00      0.44      0.00      0.00     99.42
                all      0.14      0.00      0.46      0.00      0.00     99.39
start----
                all      2.15      0.00      9.95      0.08      0.00     87.82
                all      0.06      0.00     47.51      0.00      0.00     52.43
                all      0.03      0.00     47.92      0.00      0.00     52.05
                all      0.57      0.00     45.80      0.00      0.00     53.63
                all      0.02      0.00     46.43      0.00      0.00     53.55
                all      0.63      0.00     10.01      0.01      0.00     89.36
end------
                all      0.07      0.00      0.25      0.00      0.00     99.68
                all      0.12      0.00      0.44      0.00      0.00     99.44
                all      0.12      0.00      0.44      0.00      0.00     99.44
start----
                all      0.38      0.00      3.99      0.04      0.00     95.58
                all      1.96      0.00     40.25      0.03      0.00     57.76
                all      0.06      0.00     47.82      0.00      0.00     52.12
                all      0.55      0.00     46.32      0.00      0.00     53.13
                all      0.02      0.00     46.39      0.00      0.00     53.59
                all      0.63      0.00     23.05      0.00      0.00     76.32
end------
                all      0.00      0.00      0.03      0.00      0.00     99.97
                all      0.13      0.00      0.44      0.00      0.00     99.44
                all      0.13      0.00      0.43      0.07      0.00     99.37
                all      0.12      0.00      0.45      0.00      0.00     99.43
start----
                all      2.21      0.00     21.90      0.15      0.00     75.73
                all      0.04      0.00     47.53      0.00      0.00     52.43
                all      0.04      0.00     48.07      0.00      0.00     51.89
                all      0.04      0.00     48.08      0.00      0.00     51.88
                all      0.09      0.00     48.00      0.00      0.00     51.91
                all      0.62      0.00     45.50      0.00      0.00     53.89
                all      0.02      0.00     46.37      0.00      0.00     53.61
                all      0.02      0.00     46.34      0.00      0.00     53.65
                all      0.02      0.00     46.31      0.00      0.00     53.67
                all      0.84      0.00      7.85      0.00      0.00     91.30
end------
                all      0.06      0.00      0.22      0.00      0.00     99.73
                all      0.13      0.00      0.44      0.00      0.00     99.43
                all      0.12      0.00      0.44      0.00      0.00     99.44
start----
                all      0.12      0.00      0.43      0.00      0.00     99.45
                all      1.99      0.00     37.55      0.08      0.00     60.38
                all      0.05      0.00     47.72      0.00      0.00     52.23
                all      0.04      0.00     48.05      0.00      0.00     51.91
                all      0.05      0.00     47.94      0.00      0.00     52.01
                all      0.59      0.00     45.79      0.03      0.00     53.60
                all      0.02      0.00     46.38      0.00      0.00     53.60
                all      0.02      0.00     46.42      0.00      0.00     53.56
                all      0.02      0.00     46.31      0.00      0.00     53.67
                all      1.47      0.00     33.73      0.00      0.00     64.79
                all      0.02      0.00      0.07      0.00      0.00     99.91
end------
                all      0.11      0.00      0.38      0.00      0.00     99.51
                all      0.13      0.00      0.44      0.00      0.00     99.44
                all      0.13      0.00      0.45      0.00      0.00     99.42
start----
                all      2.09      0.00     11.50      0.08      0.00     86.33
                all      0.04      0.00     47.50      0.00      0.00     52.46
                all      0.04      0.00     47.93      0.00      0.00     52.03
                all      0.05      0.00     48.01      0.00      0.00     51.94
                all      0.05      0.00     47.94      0.00      0.00     52.01
                all      0.62      0.00     44.92      0.01      0.00     54.45
                all      0.01      0.00     46.40      0.00      0.00     53.59
                all      0.02      0.00     46.34      0.00      0.00     53.64
                all      0.25      0.00     46.11      0.00      0.00     53.64
                all      1.06      0.00     16.46      0.01      0.00     82.47
end------
                all      0.05      0.00      0.19      0.00      0.00     99.76
                all      0.12      0.00      0.44      0.00      0.00     99.44
                all      0.12      0.00      0.44      0.00      0.00     99.43
start----
                all      0.11      0.00      0.41      0.00      0.00     99.48
                all      8.98      0.00     39.55      0.33      0.00     51.13
                all      8.91      0.00     75.29      0.18      0.00     15.63
                all      0.06      0.00      3.86      0.00      0.00     96.09
end------
                all      0.04      0.00      0.16      0.00      0.00     99.81
                all      0.14      0.00      0.43      0.00      0.00     99.43
                all      0.13      0.00      0.44      0.08      0.00     99.35
start----
                all      0.13      0.00      0.39      0.00      0.00     99.48
                all      6.82      0.00     40.34      0.15      0.00     52.70
                all     10.21      0.00     70.63      0.46      0.00     18.70
                all      5.71      0.00     78.95      0.00      0.00     15.33
                all      0.06      0.00      2.43      0.01      0.00     97.50
end------
                all      0.06      0.00      0.24      0.00      0.00     99.70
                all      0.13      0.00      0.44      0.00      0.00     99.43
                all      0.13      0.00      0.44      0.07      0.00     99.36
start----
                all      0.37      0.00      4.41      0.33      0.00     94.89
                all     10.56      0.00     48.86      0.14      0.00     40.43
                all      5.47      0.00     81.25      0.00      0.00     13.28
                all      4.88      0.00     59.73      0.00      0.00     35.40
                all      0.03      0.00      0.12      0.00      0.00     99.85
end------
                all      0.07      0.00      0.29      0.00      0.00     99.64
                all      0.11      0.00      0.45      0.00      0.00     99.44
                all      0.12      0.00      0.44      0.00      0.00     99.44
start----
                all      0.55      0.00      8.05      0.05      0.00     91.35
                all      9.96      0.00     46.33      0.15      0.00     43.56
                all      2.93      0.00     84.45      0.00      0.00     12.62
                all      6.59      0.00     81.86      0.00      0.00     11.56
                all      0.08      0.00     20.56      0.00      0.00     79.36
end------
                all      0.04      0.00      0.16      0.00      0.00     99.80
                all      0.13      0.00      0.43      0.00      0.00     99.44
                all      0.13      0.00      0.44      0.07      0.00     99.37
start----
                all      0.11      0.00      0.41      0.00      0.00     99.47
                all      7.60      0.00     39.31      0.20      0.00     52.90
                all      4.47      0.00     79.84      0.02      0.00     15.68
                all      0.04      0.00     87.59      0.00      0.00     12.37
                all      4.42      0.00     37.37      0.00      0.00     58.21
end------
                all      0.01      0.00      0.03      0.00      0.00     99.97
                all      0.13      0.00      0.45      0.00      0.00     99.42
                all      0.13      0.00      0.44      0.00      0.00     99.43
                all      0.13      0.00      0.44      0.00      0.00     99.43
start----
                all      3.06      0.00     25.53      0.14      0.00     71.27
                all     15.06      0.00     62.18      0.05      0.00     22.71
                all      2.60      0.00     84.61      0.00      0.00     12.79
                all      5.17      0.00     64.42      0.00      0.00     30.42
                all      0.03      0.00      0.13      0.00      0.00     99.84
end------
                all      0.07      0.00      0.23      0.00      0.00     99.70
                all      0.12      0.00      0.46      0.00      0.00     99.42
                all      0.13      0.00      0.44      0.00      0.00     99.43
start----
                all      0.44      0.00      5.04      0.05      0.00     94.46
                all      9.88      0.00     46.60      0.21      0.00     43.31
                all      0.40      0.00     87.78      0.00      0.00     11.83
                all      4.49      0.00     82.39      0.01      0.00     13.11
                all      0.05      0.00     87.49      0.00      0.00     12.45
                all      0.64      0.00     86.94      0.00      0.00     12.42
                all      3.47      0.00     28.16      0.00      0.00     68.36
end------
                all      0.01      0.00      0.08      0.00      0.00     99.91
                all      0.12      0.00      0.44      0.00      0.00     99.44
                all      0.13      0.00      0.44      0.00      0.00     99.44
start----
                all      0.11      0.00      0.45      0.00      0.00     99.44
                all      4.56      0.00     30.96      0.14      0.00     64.34
                all      7.04      0.00     77.79      0.09      0.00     15.08
                all      4.01      0.00     83.70      0.00      0.00     12.29
                all      0.06      0.00     87.59      0.00      0.00     12.35
                all      0.04      0.00     87.49      0.00      0.00     12.47
                all      5.55      0.00     66.16      0.00      0.00     28.29
                all      0.13      0.00      0.20      0.01      0.00     99.65
end------
                all      0.25      0.00      0.40      0.00      0.00     99.35
                all      0.13      0.00      0.44      0.00      0.00     99.44
                all      0.13      0.00      0.44      0.00      0.00     99.43
start----
                all      0.95      0.00     12.51      0.04      0.00     86.50
                all     11.32      0.00     52.44      0.12      0.00     36.12
                all      0.07      0.00     88.16      0.00      0.00     11.76
                all      6.37      0.00     81.26      0.00      0.00     12.37
                all      0.04      0.00     87.41      0.00      0.00     12.54
                all      0.04      0.00     87.50      0.00      0.00     12.45
                all      6.88      0.00     82.34      0.00      0.00     10.78
                all      0.08      0.00     12.73      0.00      0.00     87.19
end------
                all      0.03      0.00      0.11      0.00      0.00     99.86
                all      0.11      0.00      0.46      0.00      0.00     99.43
                all      0.11      0.00      0.45      0.00      0.00     99.44
start----
                all      0.13      0.00      0.43      0.00      0.00     99.43
                all      4.09      0.00     29.51      0.17      0.00     66.23
                all      5.13      0.00     80.93      0.16      0.00     13.77
                all      0.06      0.00     88.54      0.00      0.00     11.40
                all      2.54      0.00     84.77      0.00      0.00     12.70
                all      0.04      0.00     87.48      0.00      0.00     12.47
                all      0.04      0.00     87.57      0.00      0.00     12.39
                all      0.05      0.00     87.47      0.00      0.00     12.48
                all      0.05      0.00     87.47      0.00      0.00     12.48
                all      0.04      0.00     87.50      0.00      0.00     12.46
                all      6.35      0.00     66.25      0.00      0.00     27.40
                all      0.03      0.00      0.14      0.00      0.00     99.83
end------
                all      0.05      0.00      0.23      0.00      0.00     99.72
                all      0.11      0.00      0.44      0.00      0.00     99.44
                all      0.13      0.00      0.45      0.07      0.00     99.36
start----
                all      0.31      0.00      2.86      0.04      0.00     96.79
                all     10.00      0.00     46.66      0.16      0.00     43.18
                all      0.08      0.00     88.05      0.00      0.00     11.86
                all      0.08      0.00     88.66      0.00      0.00     11.27
                all      0.07      0.00     88.73      0.00      0.00     11.20
                all      7.35      0.00     79.61      0.00      0.00     13.04
                all      0.04      0.00     87.54      0.00      0.00     12.41
                all      0.12      0.00     88.01      0.02      0.00     11.85
                all      0.10      0.00     87.86      0.00      0.00     12.05
                all      0.06      0.00     87.48      0.00      0.00     12.46
                all      0.05      0.00     87.54      0.00      0.00     12.41
                all      5.11      0.00     40.80      0.00      0.00     54.09
end------
                all      0.01      0.00      0.04      0.00      0.00     99.94
                all      0.11      0.00      0.42      0.00      0.00     99.46
                all      0.13      0.00      0.44      0.04      0.00     99.40
                all      0.13      0.00      0.45      0.04      0.00     99.39
start----
                all      2.55      0.00     23.46      0.13      0.00     73.86
                all     10.78      0.00     64.33      0.05      0.00     24.83
                all      0.09      0.00     88.37      0.00      0.00     11.55
                all      0.08      0.00     88.56      0.00      0.00     11.36
                all      5.43      0.00     82.70      0.00      0.00     11.87
                all      0.04      0.00     87.47      0.00      0.00     12.49
                all      0.05      0.00     87.52      0.00      0.00     12.43
                all      0.05      0.00     87.49      0.00      0.00     12.46
                all      0.04      0.00     87.52      0.00      0.00     12.44
                all      0.06      0.00     87.56      0.00      0.00     12.38
                all      5.61      0.00     81.98      0.00      0.00     12.42
                all      0.06      0.00      4.11      0.01      0.00     95.83
end------
                all      0.04      0.00      0.17      0.00      0.00     99.79
                all      0.12      0.00      0.45      0.00      0.00     99.44
                all      0.13      0.00      0.45      0.00      0.00     99.43
                all      0.11      0.00      0.42      0.00      0.00     99.47
End of data collecting unexpected
