
Linux 5.2.8200225+ (knl03.kisti.re.kr) 	2020년 04월 07일 	_x86_64_	(272 CPU)

                CPU     %user     %nice   %system   %iowait    %steal     %idle
                all      0.03      0.00      0.09      0.00      0.00     99.88
                all      0.03      0.00      0.08      0.15      0.00     99.74
                all      0.01      0.00      0.07      0.37      0.00     99.55
                all      0.02      0.00      0.07      0.37      0.00     99.54
                all      0.02      0.00      0.07      0.35      0.00     99.55
                all      0.02      0.00      0.16      0.24      0.00     99.58
                all      0.03      0.00      0.10      0.05      0.00     99.82
                all      0.03      0.00      0.12      0.00      0.00     99.85
                all      0.09      0.00      0.31      0.01      0.00     99.60
                all      0.02      0.00      0.11      0.00      0.00     99.87
                all      0.03      0.00      0.07      0.00      0.00     99.90
                all      0.01      0.00      0.07      0.00      0.00     99.91
start----
                all      0.08      0.00      1.28      0.02      0.00     98.63
                all      0.21      0.00      2.28      0.01      0.00     97.50
                all      0.02      0.00      0.07      0.00      0.00     99.91
                all      0.01      0.00      0.07      0.00      0.00     99.92
                all      0.02      0.00      0.08      0.07      0.00     99.84
                all      0.01      0.00      0.08      0.01      0.00     99.89
                all      0.09      0.00      1.94      0.02      0.00     97.95
                all      0.04      0.00      1.42      0.00      0.00     98.54
end------
                all      0.04      0.00      0.23      0.00      0.00     99.73
                all      0.12      0.00      0.46      0.00      0.00     99.42
                all      0.11      0.00      0.45      0.00      0.00     99.43
start----
                all      0.10      0.00      0.43      0.01      0.00     99.46
                all      0.07      0.00      2.93      0.01      0.00     96.99
                all      0.04      0.00      0.35      0.00      0.00     99.61
end------
                all      0.08      0.00      0.39      0.00      0.00     99.52
                all      0.11      0.00      0.48      0.00      0.00     99.42
                all      0.11      0.00      0.46      0.00      0.00     99.42
start----
                all      0.11      0.00      1.25      0.02      0.00     98.62
                all      0.03      0.00      3.00      0.00      0.00     96.96
                all      0.06      0.00      2.56      0.00      0.00     97.38
end------
                all      0.01      0.00      0.04      0.00      0.00     99.95
                all      0.11      0.00      0.46      0.00      0.00     99.42
                all      0.11      0.00      0.46      0.05      0.00     99.38
                all      0.11      0.00      0.46      0.03      0.00     99.39
start----
                all      0.08      0.00      1.93      0.02      0.00     97.97
                all      0.03      0.00      3.01      0.00      0.00     96.96
                all      0.05      0.00      1.71      0.01      0.00     98.22
end------
                all      0.01      0.00      0.06      0.00      0.00     99.94
                all      0.10      0.00      0.48      0.00      0.00     99.42
                all      0.11      0.00      0.47      0.07      0.00     99.35
                all      0.14      0.00      0.53      0.00      0.00     99.34
start----
                all      0.09      0.00      2.12      0.02      0.00     97.77
                all      0.03      0.00      3.01      0.00      0.00     96.97
                all      0.05      0.00      1.46      0.01      0.00     98.49
end------
                all      0.03      0.00      0.14      0.00      0.00     99.83
                all      0.11      0.00      0.47      0.00      0.00     99.42
                all      0.10      0.00      0.48      0.00      0.00     99.42
start----
                all      0.11      0.00      0.45      0.00      0.00     99.44
                all      0.10      0.00      2.28      0.01      0.00     97.61
                all      0.03      0.00      3.07      0.00      0.00     96.90
                all      0.02      0.00      3.60      0.00      0.00     96.38
                all      0.03      0.00      3.14      0.00      0.00     96.83
                all      0.08      0.00      2.10      0.00      0.00     97.82
end------
                all      0.02      0.00      0.10      0.00      0.00     99.89
                all      0.11      0.00      0.46      0.00      0.00     99.42
                all      0.13      0.00      0.46      0.00      0.00     99.42
start----
                all      0.11      0.00      0.45      0.00      0.00     99.44
                all      0.10      0.00      2.29      0.02      0.00     97.60
                all      0.03      0.00      3.04      0.00      0.00     96.92
                all      0.03      0.00      3.56      0.00      0.00     96.41
                all      0.05      0.00      3.11      0.00      0.00     96.84
                all      0.08      0.00      2.02      0.00      0.00     97.90
end------
                all      0.01      0.00      0.03      0.00      0.00     99.96
                all      0.12      0.00      0.45      0.00      0.00     99.42
                all      0.11      0.00      0.46      0.00      0.00     99.43
                all      0.11      0.00      0.47      0.00      0.00     99.42
start----
                all      0.10      0.00      1.84      0.01      0.00     98.04
                all      0.03      0.00      3.01      0.00      0.00     96.96
                all      0.04      0.00      3.51      0.00      0.00     96.45
                all      0.06      0.00      3.18      0.00      0.00     96.76
                all      0.15      0.00      2.47      0.00      0.00     97.38
end------
                all      0.01      0.00      0.03      0.00      0.00     99.96
                all      0.10      0.00      0.45      0.00      0.00     99.45
                all      0.11      0.00      0.46      0.04      0.00     99.38
                all      0.11      0.00      0.47      0.03      0.00     99.39
start----
                all      0.10      0.00      1.92      0.01      0.00     97.97
                all      0.04      0.00      3.00      0.00      0.00     96.97
                all      0.04      0.00      3.53      0.00      0.00     96.43
                all      0.03      0.00      3.59      0.00      0.00     96.37
                all      0.04      0.00      3.55      0.00      0.00     96.41
                all      0.03      0.00      3.21      0.34      0.00     96.42
                all      0.02      0.00      1.65      1.78      0.00     96.55
                all      0.06      0.00      2.86      0.17      0.00     96.90
                all      0.01      0.00      3.03      0.00      0.00     96.96
                all      0.01      0.00      3.02      0.00      0.00     96.97
                all      0.14      0.00      0.26      0.00      0.00     99.59
end------
                all      0.07      0.00      0.31      0.00      0.00     99.62
                all      0.12      0.00      0.46      0.00      0.00     99.42
                all      0.11      0.00      0.47      0.07      0.00     99.34
start----
                all      0.13      0.00      1.01      0.02      0.00     98.83
                all      0.03      0.00      3.01      0.00      0.00     96.96
                all      0.04      0.00      3.27      0.00      0.00     96.69
                all      0.03      0.00      3.54      0.00      0.00     96.44
                all      0.04      0.00      3.48      0.00      0.00     96.48
                all      0.03      0.00      3.55      0.00      0.00     96.42
                all      0.03      0.00      2.12      1.30      0.00     96.55
                all      1.39      0.00      1.46      0.63      0.00     96.53
                all      0.01      0.00      3.05      0.00      0.00     96.94
                all      0.01      0.00      3.02      0.00      0.00     96.97
                all      0.43      0.00      2.52      0.00      0.00     97.05
                all      0.04      0.00      0.14      0.00      0.00     99.81
end------
                all      0.10      0.00      0.40      0.00      0.00     99.50
                all      0.12      0.00      0.45      0.00      0.00     99.43
                all      0.11      0.00      0.47      0.00      0.00     99.42
start----
                all      0.11      0.00      1.61      0.02      0.00     98.27
                all      0.03      0.00      3.02      0.00      0.00     96.95
                all      0.03      0.00      3.37      0.00      0.00     96.60
                all      0.03      0.00      3.53      0.00      0.00     96.44
                all      0.03      0.00      3.55      0.00      0.00     96.42
                all      0.03      0.00      3.61      0.00      0.00     96.36
                all      0.12      0.00      2.45      0.83      0.00     96.60
                all      0.02      0.00      3.08      0.00      0.00     96.89
                all      0.08      0.00      3.04      0.03      0.00     96.84
                all      0.23      0.00      2.38      0.00      0.00     97.39
end------
                all      0.00      0.00      0.04      0.00      0.00     99.96
                all      0.11      0.00      0.44      0.00      0.00     99.45
                all      0.11      0.00      0.46      0.00      0.00     99.43
                all      0.11      0.00      0.46      0.00      0.00     99.43
start----
                all      0.16      0.00      3.50      0.02      0.00     96.32
                all      0.04      0.00      2.25      0.00      0.00     97.72
end------
                all      0.05      0.00      0.24      0.00      0.00     99.71
                all      0.11      0.00      0.46      0.00      0.00     99.43
                all      0.11      0.00      0.46      0.07      0.00     99.35
start----
                all      0.20      0.00      0.78      0.02      0.00     99.00
                all      0.05      0.00      5.15      0.00      0.00     94.80
end------
                all      0.01      0.00      0.04      0.00      0.00     99.95
                all      0.11      0.00      0.46      0.00      0.00     99.43
                all      0.11      0.00      0.46      0.00      0.00     99.42
                all      0.13      0.00      0.46      0.00      0.00     99.41
start----
                all      0.16      0.00      3.62      0.03      0.00     96.20
                all      0.04      0.00      2.08      0.00      0.00     97.87
end------
                all      0.06      0.00      0.24      0.00      0.00     99.70
                all      0.12      0.00      0.45      0.00      0.00     99.43
                all      0.12      0.00      0.45      0.07      0.00     99.35
start----
                all      0.18      0.00      0.90      0.03      0.00     98.90
                all      0.04      0.00      5.96      0.00      0.00     94.00
                all      0.07      0.00      4.42      0.00      0.00     95.51
end------
                all      0.01      0.00      0.07      0.00      0.00     99.91
                all      0.12      0.00      0.45      0.00      0.00     99.43
                all      0.11      0.00      0.46      0.07      0.00     99.36
                all      0.12      0.00      0.45      0.00      0.00     99.43
start----
                all      0.15      0.00      4.13      0.02      0.00     95.71
                all      0.04      0.00      5.95      0.00      0.00     94.02
                all      0.05      0.00      0.92      0.00      0.00     99.03
end------
                all      0.08      0.00      0.34      0.00      0.00     99.58
                all      0.11      0.00      0.47      0.00      0.00     99.42
                all      0.11      0.00      0.46      0.00      0.00     99.43
start----
                all      0.18      0.00      1.93      0.02      0.00     97.87
                all      0.25      0.00      5.74      0.00      0.00     94.01
                all      0.06      0.00      3.58      0.00      0.00     96.36
end------
                all      0.03      0.00      0.16      0.00      0.00     99.81
                all      0.11      0.00      0.46      0.00      0.00     99.43
                all      0.11      0.00      0.46      0.00      0.00     99.42
start----
                all      0.10      0.00      0.43      0.00      0.00     99.47
                all      0.14      0.00      5.02      0.01      0.00     94.83
                all      0.03      0.00      6.27      0.00      0.00     93.70
                all      0.10      0.00      6.07      0.00      0.00     93.83
                all      0.41      0.00      4.95      0.00      0.00     94.64
end------
                all      0.01      0.00      0.05      0.00      0.00     99.94
                all      0.11      0.00      0.46      0.00      0.00     99.43
                all      0.14      0.00      0.54      0.00      0.00     99.32
                all      0.11      0.00      0.45      0.00      0.00     99.44
start----
                all      0.17      0.00      3.39      0.02      0.00     96.42
                all      0.03      0.00      6.09      0.00      0.00     93.88
                all      0.11      0.00      6.19      0.00      0.00     93.69
                all      0.02      0.00      6.02      0.00      0.00     93.96
                all      0.40      0.00      0.78      0.00      0.00     98.82
end------
                all      0.07      0.00      0.36      0.00      0.00     99.57
                all      0.11      0.00      0.45      0.00      0.00     99.43
                all      0.11      0.00      0.46      0.00      0.00     99.43
start----
                all      0.18      0.00      1.63      0.02      0.00     98.16
                all      0.02      0.00      5.98      0.00      0.00     94.00
                all      0.11      0.00      6.33      0.00      0.00     93.56
                all      0.01      0.00      6.00      0.00      0.00     93.99
                all      0.42      0.00      2.67      0.00      0.00     96.91
end------
                all      0.05      0.00      0.21      0.00      0.00     99.74
                all      0.11      0.00      0.45      0.00      0.00     99.43
                all      0.11      0.00      0.46      0.00      0.00     99.42
start----
                all      0.10      0.00      0.41      0.01      0.00     99.48
                all      0.13      0.00      5.50      0.02      0.00     94.35
                all      0.04      0.00      6.27      0.00      0.00     93.69
                all      0.04      0.00      6.46      0.00      0.00     93.50
                all      0.04      0.00      6.39      0.09      0.00     93.47
                all      0.41      0.00      3.97      1.94      0.00     93.68
                all      0.01      0.00      5.98      0.00      0.00     94.01
                all      0.02      0.00      5.98      0.00      0.00     94.00
                all      0.23      0.00      4.54      0.01      0.00     95.22
end------
                all      0.01      0.00      0.06      0.00      0.00     99.94
                all      0.13      0.00      0.46      0.00      0.00     99.41
                all      0.11      0.00      0.46      0.00      0.00     99.42
                all      0.12      0.00      0.45      0.00      0.00     99.42
start----
                all      0.12      0.00      3.95      0.02      0.00     95.92
                all      0.03      0.00      6.12      0.00      0.00     93.85
                all      0.03      0.00      6.52      0.00      0.00     93.44
                all      0.04      0.00      6.50      0.00      0.00     93.46
                all      0.63      0.00      3.85      1.93      0.00     93.58
                all      1.15      0.00      4.92      0.08      0.00     93.85
                all      0.01      0.00      5.97      0.00      0.00     94.02
                all      0.02      0.00      5.98      0.00      0.00     94.01
                all      0.35      0.00      2.40      0.00      0.00     97.25
end------
                all      0.02      0.00      0.13      0.00      0.00     99.85
                all      0.11      0.00      0.46      0.00      0.00     99.43
                all      0.11      0.00      0.46      0.00      0.00     99.42
start----
                all      0.11      0.00      0.43      0.00      0.00     99.46
                all      0.14      0.00      4.72      0.02      0.00     95.12
                all      0.03      0.00      6.24      0.00      0.00     93.73
                all      0.03      0.00      6.54      0.00      0.00     93.43
                all      0.04      0.00      6.57      0.00      0.00     93.40
                all      0.50      0.00      3.41      2.59      0.00     93.49
                all      0.01      0.00      6.00      0.01      0.00     93.97
                all      0.01      0.00      5.97      0.00      0.00     94.01
                all      0.11      0.00      5.89      0.00      0.00     94.01
                all      0.31      0.00      0.26      0.00      0.00     99.42
end------
                all      0.09      0.00      0.40      0.00      0.00     99.51
                all      0.11      0.00      0.46      0.00      0.00     99.43
                all      0.12      0.00      0.46      0.00      0.00     99.42
start----
                all      0.28      0.00      4.00      0.02      0.00     95.70
                all      0.12      0.00      7.40      0.00      0.00     92.48
end------
                all      0.03      0.00      0.13      0.00      0.00     99.84
                all      0.12      0.00      0.46      0.00      0.00     99.42
                all      0.14      0.00      0.50      0.00      0.00     99.36
start----
                all      0.11      0.00      0.46      0.00      0.00     99.43
                all      0.29      0.00      9.20      0.02      0.00     90.48
                all      0.05      0.00      2.02      0.00      0.00     97.93
end------
                all      0.08      0.00      0.34      0.00      0.00     99.58
                all      0.11      0.00      0.46      0.00      0.00     99.42
                all      0.12      0.00      0.45      0.00      0.00     99.42
start----
                all      0.32      0.00      3.00      0.02      0.00     96.66
                all      0.11      0.00      8.43      0.00      0.00     91.46
end------
                all      0.02      0.00      0.11      0.00      0.00     99.87
                all      0.11      0.00      0.45      0.00      0.00     99.43
                all      0.12      0.00      0.45      0.00      0.00     99.43
                all      0.11      0.00      0.46      0.00      0.00     99.42
start----
                all      0.27      0.00      8.08      0.03      0.00     91.62
                all      0.06      0.00     11.83      0.00      0.00     88.11
                all      0.06      0.00      1.66      0.00      0.00     98.28
end------
                all      0.07      0.00      0.33      0.00      0.00     99.60
                all      0.10      0.00      0.46      0.00      0.00     99.44
                all      0.12      0.00      0.45      0.00      0.00     99.43
start----
                all      0.28      0.00      3.46      0.03      0.00     96.23
                all      0.06      0.00     11.81      0.00      0.00     88.13
                all      0.07      0.00      6.43      0.00      0.00     93.49
end------
                all      0.03      0.00      0.16      0.00      0.00     99.81
                all      0.12      0.00      0.45      0.00      0.00     99.43
                all      0.12      0.00      0.45      0.00      0.00     99.42
start----
                all      0.11      0.00      0.42      0.00      0.00     99.47
                all      0.27      0.00     10.03      0.02      0.00     89.68
                all      0.16      0.00     11.51      0.00      0.00     88.32
                all      0.03      0.00      0.07      0.00      0.00     99.89
end------
                all      0.10      0.00      0.39      0.00      0.00     99.51
                all      0.11      0.00      0.46      0.00      0.00     99.43
                all      0.11      0.00      0.46      0.08      0.00     99.35
start----
                all      0.26      0.00      5.06      0.02      0.00     94.66
                all      0.04      0.00     11.96      0.00      0.00     88.01
                all      0.18      0.00     12.08      0.01      0.00     87.73
                all      0.02      0.00     11.92      0.00      0.00     88.06
                all      0.41      0.00      2.61      0.00      0.00     96.97
end------
                all      0.07      0.00      0.27      0.00      0.00     99.66
                all      0.11      0.00      0.46      0.00      0.00     99.43
                all      0.11      0.00      0.46      0.07      0.00     99.35
start----
                all      0.32      0.00      2.06      0.03      0.00     97.58
                all      0.04      0.00     11.84      0.00      0.00     88.13
                all      0.06      0.00     12.31      0.00      0.00     87.63
                all      0.02      0.00     11.90      0.00      0.00     88.08
                all      0.19      0.00      5.29      0.00      0.00     94.52
end------
                all      0.05      0.00      0.21      0.00      0.00     99.74
                all      0.11      0.00      0.46      0.00      0.00     99.43
                all      0.11      0.00      0.46      0.00      0.00     99.43
start----
                all      0.10      0.00      0.44      0.01      0.00     99.45
                all      0.23      0.00     11.24      0.02      0.00     88.51
                all      0.04      0.00     12.27      0.00      0.00     87.69
                all      0.13      0.00     11.87      0.00      0.00     88.00
                all      0.19      0.00      7.87      0.00      0.00     91.94
end------
                all      0.02      0.00      0.13      0.00      0.00     99.85
                all      0.11      0.00      0.45      0.00      0.00     99.43
                all      0.12      0.00      0.46      0.00      0.00     99.42
start----
                all      0.11      0.00      0.46      0.00      0.00     99.43
                all      0.25      0.00      8.58      0.02      0.00     91.14
                all      0.03      0.00     12.15      0.00      0.00     87.81
                all      0.04      0.00     12.43      0.00      0.00     87.53
                all      0.03      0.00     12.44      0.00      0.00     87.53
                all      0.27      0.00     12.02      0.00      0.00     87.71
                all      0.01      0.00     11.88      0.00      0.00     88.10
                all      0.02      0.00     11.87      0.00      0.00     88.11
                all      0.33      0.00      6.21      0.00      0.00     93.46
end------
                all      0.02      0.00      0.11      0.00      0.00     99.87
                all      0.11      0.00      0.45      0.00      0.00     99.43
                all      0.11      0.00      0.46      0.00      0.00     99.43
                all      0.13      0.00      0.45      0.00      0.00     99.43
start----
                all      0.29      0.00      7.49      0.02      0.00     92.20
                all      0.03      0.00     12.07      0.00      0.00     87.89
                all      0.03      0.00     12.43      0.00      0.00     87.54
                all      0.04      0.00     12.45      0.00      0.00     87.51
                all      0.24      0.00     12.00      0.00      0.00     87.75
                all      0.01      0.00     11.88      0.00      0.00     88.11
                all      0.02      0.00     11.89      0.00      0.00     88.09
                all      0.31      0.00      7.50      0.00      0.00     92.18
end------
                all      0.02      0.00      0.09      0.00      0.00     99.89
                all      0.12      0.00      0.45      0.00      0.00     99.43
                all      0.12      0.00      0.45      0.07      0.00     99.35
start----
                all      0.12      0.00      0.45      0.00      0.00     99.43
                all      0.27      0.00      8.67      0.03      0.00     91.04
                all      0.04      0.00     12.14      0.00      0.00     87.82
                all      0.04      0.00     12.42      0.00      0.00     87.54
                all      0.03      0.00     12.44      0.00      0.00     87.53
                all      0.25      0.00     11.95      0.00      0.00     87.80
                all      0.01      0.00     11.87      0.00      0.00     88.12
                all      0.02      0.00     11.87      0.00      0.00     88.11
                all      0.31      0.00      6.25      0.00      0.00     93.44
end------
                all      0.01      0.00      0.05      0.00      0.00     99.94
                all      0.12      0.00      0.45      0.00      0.00     99.44
                all      0.12      0.00      0.45      0.07      0.00     99.35
                all      0.13      0.00      0.44      0.00      0.00     99.43
start----
                all      0.75      0.00     13.91      0.08      0.00     85.26
                all      0.16      0.00      8.63      0.01      0.00     91.19
end------
                all      0.06      0.00      0.22      0.00      0.00     99.72
                all      0.13      0.00      0.44      0.00      0.00     99.43
                all      0.12      0.00      0.45      0.07      0.00     99.35
start----
                all      0.17      0.00      1.27      0.08      0.00     98.47
                all      0.74      0.00     21.22      0.01      0.00     78.02
                all      0.02      0.00      0.20      0.00      0.00     99.78
end------
                all      0.09      0.00      0.38      0.00      0.00     99.53
                all      0.11      0.00      0.45      0.00      0.00     99.43
                all      0.11      0.00      0.45      0.00      0.00     99.43
start----
                all      0.69      0.00      7.80      0.05      0.00     91.46
                all      0.22      0.00     14.59      0.00      0.00     85.19
end------
                all      0.02      0.00      0.11      0.00      0.00     99.87
                all      0.12      0.00      0.45      0.00      0.00     99.44
                all      0.11      0.00      0.47      0.08      0.00     99.35
start----
                all      0.11      0.00      0.44      0.00      0.00     99.45
                all      0.64      0.00     16.54      0.04      0.00     82.78
                all      0.18      0.00     23.49      0.00      0.00     76.34
                all      0.12      0.00      2.24      0.00      0.00     97.64
end------
                all      0.09      0.00      0.33      0.00      0.00     99.58
                all      0.11      0.00      0.46      0.00      0.00     99.42
                all      0.12      0.00      0.46      0.00      0.00     99.42
start----
                all      0.73      0.00      5.74      0.07      0.00     93.46
                all      0.20      0.00     23.46      0.00      0.00     76.34
                all      0.14      0.00     13.49      0.00      0.00     86.37
end------
                all      0.03      0.00      0.11      0.00      0.00     99.86
                all      0.13      0.00      0.45      0.00      0.00     99.42
                all      0.13      0.00      0.54      0.00      0.00     99.32
start----
                all      0.11      0.00      0.42      0.00      0.00     99.48
                all      0.58      0.00     18.08      0.05      0.00     81.29
                all      0.17      0.00     23.49      0.00      0.00     76.35
                all      0.13      0.00      0.68      0.00      0.00     99.18
end------
                all      0.09      0.00      0.36      0.00      0.00     99.54
                all      0.12      0.00      0.45      0.00      0.00     99.42
                all      0.11      0.00      0.46      0.08      0.00     99.35
start----
                all      0.61      0.00      7.03      0.04      0.00     92.32
                all      0.04      0.00     23.72      0.00      0.00     76.24
                all      0.59      0.00     23.54      0.00      0.00     75.88
                all      0.01      0.00     23.69      0.00      0.00     76.30
                all      0.21      0.00      6.29      0.00      0.00     93.50
end------
                all      0.06      0.00      0.26      0.00      0.00     99.68
                all      0.12      0.00      0.45      0.00      0.00     99.42
                all      0.11      0.00      0.46      0.00      0.00     99.43
start----
                all      0.31      0.00      1.63      0.10      0.00     97.95
                all      0.46      0.00     22.76      0.00      0.00     76.78
                all      0.71      0.00     23.45      0.00      0.00     75.83
                all      0.02      0.00     23.71      0.00      0.00     76.27
                all      0.21      0.00     12.69      0.01      0.00     87.09
end------
                all      0.03      0.00      0.15      0.00      0.00     99.82
                all      0.13      0.00      0.45      0.00      0.00     99.43
                all      0.11      0.00      0.46      0.00      0.00     99.43
start----
                all      0.11      0.00      0.42      0.00      0.00     99.47
                all      0.60      0.00     18.60      0.04      0.00     80.76
                all      0.04      0.00     24.00      0.00      0.00     75.97
                all      0.75      0.00     23.12      0.00      0.00     76.14
                all      0.25      0.00     18.52      0.00      0.00     81.24
end------
                all      0.01      0.00      0.04      0.00      0.00     99.96
                all      0.12      0.00      0.45      0.00      0.00     99.43
                all      0.12      0.00      0.45      0.05      0.00     99.38
                all      0.12      0.00      0.45      0.02      0.00     99.41
start----
                all      0.62      0.00     12.86      0.04      0.00     86.49
                all      0.04      0.00     23.86      0.00      0.00     76.10
                all      0.04      0.00     24.17      0.00      0.00     75.79
                all      0.04      0.00     24.13      0.00      0.00     75.83
                all      0.30      0.00     23.57      0.00      0.00     76.13
                all      0.01      0.00     23.69      0.00      0.00     76.29
                all      0.02      0.00     23.68      0.00      0.00     76.30
                all      0.42      0.00     12.14      0.01      0.00     87.43
end------
                all      0.04      0.00      0.16      0.00      0.00     99.81
                all      0.12      0.00      0.45      0.00      0.00     99.43
                all      0.12      0.00      0.46      0.00      0.00     99.42
start----
                all      0.12      0.00      0.41      0.00      0.00     99.46
                all      0.65      0.00     18.38      0.04      0.00     80.93
                all      0.04      0.00     23.95      0.00      0.00     76.01
                all      0.05      0.00     24.12      0.00      0.00     75.83
                all      0.04      0.00     24.11      0.01      0.00     75.84
                all      0.24      0.00     23.30      0.00      0.00     76.46
                all      0.02      0.00     23.69      0.00      0.00     76.29
                all      0.02      0.00     23.69      0.00      0.00     76.29
                all      0.58      0.00      6.52      0.00      0.00     92.90
end------
                all      0.04      0.00      0.16      0.00      0.00     99.79
                all      0.13      0.00      0.45      0.00      0.00     99.42
                all      0.12      0.00      0.45      0.00      0.00     99.43
start----
                all      0.11      0.00      0.39      0.00      0.00     99.49
                all      0.66      0.00     19.65      0.11      0.00     79.59
                all      0.04      0.00     23.97      0.00      0.00     75.98
                all      0.05      0.00     24.19      0.00      0.00     75.75
                all      0.05      0.00     24.19      0.00      0.00     75.75
                all      0.31      0.00     23.57      0.00      0.00     76.12
                all      0.01      0.00     23.69      0.00      0.00     76.30
                all      0.01      0.00     23.68      0.00      0.00     76.30
                all      0.41      0.00      5.75      0.00      0.00     93.84
end------
                all      0.07      0.00      0.29      0.00      0.00     99.63
                all      0.11      0.00      0.45      0.00      0.00     99.44
                all      0.12      0.00      0.45      0.00      0.00     99.43
start----
                all      0.34      0.00      4.47      0.07      0.00     95.12
                all      2.35      0.00     38.43      0.02      0.00     59.20
                all      0.51      0.00     18.62      0.00      0.00     80.87
end------
                all      0.04      0.00      0.20      0.00      0.00     99.76
                all      0.12      0.00      0.45      0.00      0.00     99.42
                all      0.13      0.00      0.45      0.00      0.00     99.42
start----
                all      0.12      0.00      0.41      0.00      0.00     99.47
                all      2.44      0.00     34.71      0.07      0.00     62.77
                all      0.53      0.00     26.62      0.01      0.00     72.84
end------
                all      0.03      0.00      0.10      0.00      0.00     99.88
                all      0.13      0.00      0.44      0.00      0.00     99.43
                all      0.11      0.00      0.46      0.00      0.00     99.43
start----
                all      0.12      0.00      0.44      0.00      0.00     99.44
                all      1.89      0.00     27.34      0.05      0.00     70.72
                all      0.90      0.00     32.76      0.00      0.00     66.34
end------
                all      0.00      0.00      0.03      0.00      0.00     99.97
                all      0.12      0.00      0.45      0.00      0.00     99.43
                all      0.11      0.00      0.45      0.06      0.00     99.38
                all      0.13      0.00      0.45      0.01      0.00     99.41
start----
                all      2.10      0.00     20.92      0.06      0.00     76.92
                all      0.45      0.00     46.50      0.00      0.00     53.05
                all      0.50      0.00     42.10      0.00      0.00     57.40
                all      0.03      0.00      0.09      0.00      0.00     99.88
end------
                all      0.07      0.00      0.30      0.00      0.00     99.62
                all      0.13      0.00      0.45      0.00      0.00     99.43
                all      0.13      0.00      0.44      0.00      0.00     99.43
start----
                all      0.99      0.00      4.99      0.07      0.00     93.95
                all      1.31      0.00     44.10      0.01      0.00     54.57
                all      0.43      0.00     45.94      0.00      0.00     53.63
                all      0.53      0.00     14.48      0.01      0.00     84.98
end------
                all      0.05      0.00      0.20      0.00      0.00     99.75
                all      0.11      0.00      0.46      0.00      0.00     99.43
                all      0.13      0.00      0.44      0.00      0.00     99.43
start----
                all      0.12      0.00      0.72      0.03      0.00     99.13
                all      1.83      0.00     37.96      0.04      0.00     60.17
                all      0.48      0.00     46.08      0.00      0.00     53.44
                all      0.54      0.00     25.20      0.00      0.00     74.26
end------
                all      0.02      0.00      0.09      0.00      0.00     99.89
                all      0.12      0.00      0.46      0.00      0.00     99.42
                all      0.13      0.00      0.45      0.00      0.00     99.42
start----
                all      0.14      0.00      0.41      0.00      0.00     99.46
                all      2.04      0.00     28.04      0.18      0.00     69.74
                all      0.04      0.00     47.35      0.00      0.00     52.61
                all      0.47      0.00     45.66      0.07      0.00     53.80
                all      0.01      0.00     46.25      0.00      0.00     53.76
                all      1.63      0.00     42.70      0.00      0.00     55.67
                all      0.03      0.00      0.10      0.00      0.00     99.88
end------
                all      0.10      0.00      0.36      0.00      0.00     99.54
                all      0.13      0.00      0.44      0.00      0.00     99.43
                all      0.13      0.00      0.45      0.07      0.00     99.35
start----
                all      2.25      0.00      8.95      0.08      0.00     88.71
                all      0.04      0.00     47.24      0.00      0.00     52.72
                all      0.04      0.00     47.59      0.00      0.00     52.36
                all      0.50      0.00     44.97      0.04      0.00     54.49
                all      0.03      0.00     46.32      0.00      0.00     53.64
                all      1.51      0.00     14.73      0.00      0.00     83.76
end------
                all      0.05      0.00      0.19      0.00      0.00     99.76
                all      0.14      0.00      0.42      0.00      0.00     99.43
                all      0.14      0.00      0.43      0.00      0.00     99.43
start----
                all      0.12      0.00      0.49      0.00      0.00     99.38
                all      1.96      0.00     37.89      0.06      0.00     60.10
                all      0.04      0.00     47.45      0.00      0.00     52.51
                all      0.44      0.00     45.25      0.03      0.00     54.28
                all      0.01      0.00     46.25      0.00      0.00     53.74
                all      1.69      0.00     31.28      0.00      0.00     67.04
                all      0.03      0.00      0.06      0.00      0.00     99.92
end------
                all      0.12      0.00      0.40      0.00      0.00     99.48
                all      0.13      0.00      0.44      0.00      0.00     99.43
                all      0.12      0.00      0.45      0.00      0.00     99.43
start----
                all      2.00      0.00     10.71      0.07      0.00     87.22
                all      0.04      0.00     47.24      0.00      0.00     52.72
                all      0.04      0.00     47.61      0.00      0.00     52.34
                all      0.04      0.00     47.72      0.00      0.00     52.24
                all      0.04      0.00     47.69      0.00      0.00     52.26
                all      0.46      0.00     45.33      0.01      0.00     54.20
                all      0.02      0.00     46.24      0.00      0.00     53.74
                all      0.02      0.00     46.26      0.00      0.00     53.71
                all      0.02      0.00     46.19      0.00      0.00     53.80
                all      1.51      0.00     29.59      0.00      0.00     68.90
                all      0.04      0.00      0.08      0.01      0.00     99.87
end------
                all      0.16      0.00      0.62      0.00      0.00     99.22
                all      0.31      0.00      0.62      0.01      0.00     99.06
                all      0.15      0.00      0.56      0.07      0.00     99.22
start----
                all      2.00      0.00     14.82      0.07      0.00     83.11
                all      0.04      0.00     47.28      0.00      0.00     52.68
                all      0.04      0.00     47.78      0.08      0.00     52.10
                all      0.06      0.00     47.96      0.02      0.00     51.95
                all      0.13      0.00     47.98      0.01      0.00     51.88
                all      0.45      0.00     45.19      0.00      0.00     54.35
                all      0.02      0.00     46.24      0.00      0.00     53.74
                all      0.02      0.00     46.25      0.00      0.00     53.73
                all      0.02      0.00     46.20      0.00      0.00     53.78
                all      1.53      0.00     24.66      0.00      0.00     73.81
end------
                all      0.01      0.00      0.10      0.01      0.00     99.88
                all      0.14      0.00      0.43      0.00      0.00     99.43
                all      0.13      0.00      0.44      0.00      0.00     99.43
                all      0.14      0.00      0.44      0.00      0.00     99.42
start----
                all      2.03      0.00     10.96      0.09      0.00     86.92
                all      0.04      0.00     47.26      0.00      0.00     52.70
                all      0.04      0.00     47.62      0.00      0.00     52.34
                all      0.05      0.00     47.69      0.00      0.00     52.26
                all      0.04      0.00     47.70      0.00      0.00     52.26
                all      0.43      0.00     45.36      0.03      0.00     54.18
                all      0.02      0.00     46.25      0.00      0.00     53.73
                all      0.02      0.00     46.23      0.00      0.00     53.75
                all      0.02      0.00     46.20      0.00      0.00     53.79
                all      1.43      0.00     27.54      0.00      0.00     71.02
end------
                all      0.01      0.00      0.05      0.01      0.00     99.93
                all      0.12      0.00      0.43      0.00      0.00     99.45
                all      0.13      0.00      0.44      0.00      0.00     99.42
                all      0.14      0.00      0.43      0.00      0.00     99.43
start----
                all      3.25      0.00     18.04      0.10      0.00     78.62
                all     10.22      0.00     65.53      0.04      0.00     24.21
                all      7.23      0.00     79.69      0.00      0.00     13.08
                all      2.56      0.00     24.13      0.01      0.00     73.29
end------
                all      0.03      0.00      0.10      0.00      0.00     99.87
                all      0.13      0.00      0.45      0.00      0.00     99.42
                all      0.13      0.00      0.45      0.00      0.00     99.42
start----
                all      0.13      0.00      0.42      0.00      0.00     99.45
                all      4.86      0.00     31.56      0.14      0.00     63.44
                all     10.74      0.00     71.10      0.16      0.00     18.00
                all      7.66      0.00     79.22      0.00      0.00     13.12
                all      0.07      0.00      6.20      0.00      0.00     93.73
end------
                all      0.03      0.00      0.13      0.00      0.00     99.84
                all      0.14      0.00      0.43      0.00      0.00     99.43
                all      0.14      0.00      0.42      0.00      0.00     99.44
start----
                all      0.13      0.00      0.41      0.00      0.00     99.46
                all      7.48      0.00     35.02      0.11      0.00     57.38
                all     10.35      0.00     70.72      0.38      0.00     18.55
                all      5.37      0.00     76.54      0.00      0.00     18.10
                all      0.05      0.00      2.63      0.00      0.00     97.31
end------
                all      0.07      0.00      0.26      0.00      0.00     99.67
                all      0.13      0.00      0.43      0.00      0.00     99.44
                all      0.14      0.00      0.42      0.07      0.00     99.36
start----
                all      0.49      0.00      6.70      0.24      0.00     92.57
                all     10.29      0.00     47.23      0.14      0.00     42.35
                all      0.11      0.00     87.24      0.00      0.00     12.65
                all      5.32      0.00     81.62      0.00      0.00     13.06
                all      6.17      0.00     81.81      0.00      0.00     12.02
                all      0.38      0.00     20.63      0.00      0.00     78.98
end------
                all      0.01      0.00      0.03      0.00      0.00     99.96
                all      0.13      0.00      0.44      0.00      0.00     99.42
                all      0.14      0.00      0.44      0.00      0.00     99.42
                all      0.15      0.00      0.42      0.00      0.00     99.43
start----
                all      3.51      0.00     27.60      0.10      0.00     68.78
                all     11.50      0.00     70.60      0.09      0.00     17.81
                all      5.03      0.00     81.65      0.00      0.00     13.32
                all      0.04      0.00     87.38      0.00      0.00     12.57
                all      4.83      0.00     51.49      0.00      0.00     43.68
                all      0.03      0.00      0.10      0.00      0.00     99.87
end------
                all      0.07      0.00      0.28      0.00      0.00     99.64
                all      0.14      0.00      0.43      0.00      0.00     99.43
                all      0.14      0.00      0.44      0.07      0.00     99.35
start----
                all      0.66      0.00      9.19      0.05      0.00     90.10
                all     10.90      0.00     46.75      0.10      0.00     42.25
                all      0.09      0.00     87.34      0.00      0.00     12.56
                all      5.92      0.00     81.06      0.00      0.00     13.01
                all      6.35      0.00     81.68      0.00      0.00     11.97
                all      0.08      0.00     11.82      0.00      0.00     88.10
end------
                all      0.05      0.00      0.18      0.00      0.00     99.77
                all      0.14      0.00      0.43      0.00      0.00     99.43
                all      0.14      0.00      0.44      0.07      0.00     99.35
start----
                all      0.11      0.00      0.38      0.01      0.00     99.49
                all      8.38      0.00     39.18      0.17      0.00     52.26
                all      3.02      0.00     78.06      0.01      0.00     18.92
                all      0.11      0.00     87.62      0.00      0.00     12.27
                all      0.13      0.00     88.02      0.00      0.00     11.85
                all      5.41      0.00     81.34      0.00      0.00     13.26
                all      0.04      0.00     87.31      0.00      0.00     12.64
                all      0.05      0.00     87.21      0.00      0.00     12.74
                all      4.33      0.00     40.64      0.00      0.00     55.03
                all      0.02      0.00      0.07      0.01      0.00     99.90
end------
                all      0.10      0.00      0.33      0.00      0.00     99.57
                all      0.13      0.00      0.44      0.00      0.00     99.43
                all      0.15      0.00      0.52      0.00      0.00     99.32
start----
                all      0.97      0.00     12.27      0.04      0.00     86.72
                all     11.24      0.00     52.99      0.15      0.00     35.62
                all      0.12      0.00     87.25      0.00      0.00     12.63
                all      0.11      0.00     87.65      0.00      0.00     12.24
                all      5.84      0.00     81.22      0.00      0.00     12.94
                all      0.05      0.00     87.19      0.00      0.00     12.76
                all      0.04      0.00     87.35      0.00      0.00     12.60
                all      7.33      0.00     81.14      0.00      0.00     11.53
                all      0.08      0.00     14.54      0.01      0.00     85.38
end------
                all      0.02      0.00      0.10      0.00      0.00     99.88
                all      0.14      0.00      0.42      0.00      0.00     99.44
                all      0.14      0.00      0.44      0.00      0.00     99.42
                all      0.13      0.00      0.45      0.00      0.00     99.42
start----
                all      3.84      0.00     27.98      0.11      0.00     68.07
                all     10.40      0.00     71.06      0.17      0.00     18.37
                all      0.09      0.00     87.33      0.00      0.00     12.58
                all      0.09      0.00     87.90      0.00      0.00     12.01
                all      5.08      0.00     79.28      0.00      0.00     15.63
                all      0.04      0.00     87.33      0.00      0.00     12.62
                all      0.05      0.00     87.23      0.00      0.00     12.72
                all      6.79      0.00     60.43      0.00      0.00     32.77
                all      0.03      0.00      0.16      0.00      0.00     99.81
end------
                all      0.07      0.00      0.20      0.00      0.00     99.73
                all      0.14      0.00      0.42      0.00      0.00     99.44
                all      0.14      0.00      0.45      0.08      0.00     99.34
start----
                all      0.31      0.00      2.60      0.06      0.00     97.04
                all      9.89      0.00     47.76      0.16      0.00     42.18
                all      0.10      0.00     87.27      0.00      0.00     12.63
                all      0.09      0.00     87.73      0.00      0.00     12.17
                all      0.11      0.00     87.95      0.00      0.00     11.93
                all      0.10      0.00     88.04      0.00      0.00     11.85
                all      0.11      0.00     88.19      0.00      0.00     11.70
                all      0.16      0.00     88.01      0.00      0.00     11.82
                all      5.50      0.00     77.65      0.00      0.00     16.85
                all      0.04      0.00     87.35      0.00      0.00     12.60
                all      0.04      0.00     87.23      0.00      0.00     12.72
                all      0.05      0.00     87.31      0.00      0.00     12.64
                all      0.04      0.00     87.31      0.00      0.00     12.66
                all      0.04      0.00     87.13      0.00      0.00     12.82
                all      6.51      0.00     45.45      0.00      0.00     48.04
                all      0.02      0.00      0.08      0.00      0.00     99.89
end------
                all      0.10      0.00      0.30      0.00      0.00     99.60
                all      0.13      0.00      0.43      0.00      0.00     99.44
                all      0.13      0.00      0.44      0.00      0.00     99.42
start----
                all      0.81      0.00     10.64      0.04      0.00     88.51
                all     11.04      0.00     46.08      0.12      0.00     42.76
                all      0.09      0.00     87.27      0.00      0.00     12.64
                all      0.10      0.00     87.63      0.00      0.00     12.27
                all      0.09      0.00     88.01      0.00      0.00     11.90
                all      0.11      0.00     88.00      0.00      0.00     11.89
                all      0.09      0.00     88.01      0.00      0.00     11.90
                all      0.29      0.00     87.92      0.00      0.00     11.80
                all      5.86      0.00     80.25      0.00      0.00     13.89
                all      0.04      0.00     87.36      0.00      0.00     12.60
                all      0.04      0.00     87.24      0.00      0.00     12.72
                all      0.05      0.00     87.32      0.00      0.00     12.63
                all      0.04      0.00     87.25      0.00      0.00     12.70
                all      0.04      0.00     87.28      0.00      0.00     12.68
                all      4.64      0.00     38.46      0.00      0.00     56.90
                all      0.04      0.00      0.12      0.01      0.00     99.84
end------
                all      0.11      0.00      0.37      0.00      0.00     99.53
                all      0.14      0.00      0.44      0.00      0.00     99.42
                all      0.13      0.00      0.44      0.00      0.00     99.42
start----
                all      0.96      0.00     11.68      0.06      0.00     87.30
                all     11.71      0.00     54.63      0.25      0.00     33.41
                all      0.11      0.00     87.34      0.00      0.00     12.55
                all      0.10      0.00     87.81      0.00      0.00     12.09
                all      0.10      0.00     88.01      0.00      0.00     11.90
                all      0.10      0.00     88.04      0.00      0.00     11.85
                all      0.10      0.00     87.97      0.00      0.00     11.93
                all      0.63      0.00     87.57      0.00      0.00     11.80
                all      4.66      0.00     78.43      0.00      0.00     16.91
                all      0.05      0.00     87.34      0.00      0.00     12.60
                all      0.04      0.00     87.38      0.00      0.00     12.58
                all      0.05      0.00     87.16      0.00      0.00     12.79
                all      0.04      0.00     87.29      0.00      0.00     12.66
                all      0.61      0.00     86.87      0.00      0.00     12.52
                all      5.26      0.00     30.64      0.00      0.00     64.10
end------
                all      0.02      0.00      0.07      0.00      0.00     99.91
                all      0.18      0.00      0.64      0.01      0.00     99.18
                all      0.21      0.00      0.51      0.01      0.00     99.26
                all      0.14      0.00      0.57      0.06      0.00     99.22
End of data collecting unexpected
