
Linux 5.2.8200225+ (knl03.kisti.re.kr) 	2020년 04월 04일 	_x86_64_	(272 CPU)

                CPU     %user     %nice   %system   %iowait    %steal     %idle
                all      0.03      0.00      0.10      0.00      0.00     99.87
                all      0.02      0.00      0.08      0.15      0.00     99.75
                all      0.01      0.00      0.08      0.36      0.00     99.55
                all      0.09      0.00      0.09      0.37      0.00     99.45
                all      0.59      0.00      0.13      0.35      0.00     98.93
                all      0.02      0.00      0.15      0.24      0.00     99.59
                all      0.02      0.00      0.09      0.03      0.00     99.86
                all      0.03      0.00      0.12      0.00      0.00     99.85
                all      0.09      0.00      0.27      0.01      0.00     99.63
                all      0.02      0.00      0.10      0.00      0.00     99.88
                all      0.01      0.00      0.07      0.00      0.00     99.92
                all      0.01      0.00      0.08      0.00      0.00     99.91
start----
                all      0.08      0.00      1.35      0.02      0.00     98.54
                all      0.22      0.00      2.41      0.01      0.00     97.36
                all      0.01      0.00      0.08      0.00      0.00     99.90
                all      0.02      0.00      0.07      0.00      0.00     99.92
                all      0.01      0.00      0.08      0.04      0.00     99.86
                all      0.01      0.00      0.07      0.03      0.00     99.88
                all      0.08      0.00      1.82      0.02      0.00     98.08
                all      0.05      0.00      1.87      0.00      0.00     98.07
end------
                all      0.03      0.00      0.16      0.00      0.00     99.81
                all      0.10      0.00      0.46      0.00      0.00     99.43
                all      0.13      0.00      0.45      0.00      0.00     99.42
start----
                all      0.11      0.00      0.43      0.00      0.00     99.46
                all      0.09      0.00      2.53      0.01      0.00     97.36
                all      0.04      0.00      1.09      0.00      0.00     98.87
end------
                all      0.05      0.00      0.26      0.00      0.00     99.69
                all      0.10      0.00      0.47      0.00      0.00     99.43
                all      0.12      0.00      0.46      0.00      0.00     99.42
start----
                all      0.13      0.00      0.63      0.02      0.00     99.22
                all      0.03      0.00      3.01      0.00      0.00     96.96
                all      0.07      0.00      2.97      0.00      0.00     96.97
                all      0.05      0.00      0.84      0.00      0.00     99.11
end------
                all      0.06      0.00      0.28      0.00      0.00     99.66
                all      0.11      0.00      0.46      0.00      0.00     99.43
                all      0.11      0.00      0.46      0.07      0.00     99.36
start----
                all      0.13      0.00      0.83      0.02      0.00     99.02
                all      0.03      0.00      3.00      0.00      0.00     96.97
                all      0.11      0.00      2.92      0.00      0.00     96.96
                all      0.05      0.00      0.59      0.00      0.00     99.36
end------
                all      0.07      0.00      0.36      0.00      0.00     99.57
                all      0.11      0.00      0.46      0.00      0.00     99.43
                all      0.11      0.00      0.47      0.00      0.00     99.42
start----
                all      0.11      0.00      1.05      0.02      0.00     98.81
                all      0.04      0.00      3.01      0.00      0.00     96.96
                all      0.05      0.00      2.99      0.00      0.00     96.96
                all      0.05      0.00      0.28      0.00      0.00     99.66
end------
                all      0.07      0.00      0.29      0.00      0.00     99.64
                all      0.11      0.00      0.45      0.00      0.00     99.43
                all      0.13      0.00      0.45      0.07      0.00     99.35
start----
                all      0.12      0.00      0.84      0.02      0.00     99.01
                all      0.03      0.00      3.00      0.00      0.00     96.96
                all      0.03      0.00      3.22      0.00      0.00     96.75
                all      0.03      0.00      3.58      0.00      0.00     96.39
                all      0.09      0.00      3.11      0.00      0.00     96.80
                all      0.07      0.00      1.68      0.00      0.00     98.25
end------
                all      0.04      0.00      0.19      0.00      0.00     99.78
                all      0.11      0.00      0.46      0.00      0.00     99.43
                all      0.11      0.00      0.46      0.00      0.00     99.42
start----
                all      0.11      0.00      0.43      0.00      0.00     99.46
                all      0.07      0.00      2.63      0.01      0.00     97.29
                all      0.04      0.00      3.01      0.00      0.00     96.95
                all      0.03      0.00      3.56      0.00      0.00     96.41
                all      0.08      0.00      3.18      0.00      0.00     96.74
                all      0.10      0.00      2.53      0.00      0.00     97.37
end------
                all      0.00      0.00      0.04      0.00      0.00     99.96
                all      0.10      0.00      0.46      0.00      0.00     99.44
                all      0.11      0.00      0.46      0.00      0.00     99.43
                all      0.12      0.00      0.46      0.00      0.00     99.42
start----
                all      0.10      0.00      1.93      0.02      0.00     97.96
                all      0.03      0.00      3.01      0.00      0.00     96.96
                all      0.03      0.00      3.44      0.00      0.00     96.53
                all      0.07      0.00      3.33      0.00      0.00     96.60
                all      0.02      0.00      3.02      0.00      0.00     96.96
                all      0.21      0.00      0.32      0.00      0.00     99.47
end------
                all      0.06      0.00      0.25      0.00      0.00     99.69
                all      0.10      0.00      0.47      0.00      0.00     99.42
                all      0.11      0.00      0.46      0.00      0.00     99.42
start----
                all      0.13      0.00      0.65      0.01      0.00     99.21
                all      0.04      0.00      3.00      0.00      0.00     96.96
                all      0.04      0.00      3.13      0.00      0.00     96.83
                all      0.03      0.00      3.57      0.00      0.00     96.40
                all      0.03      0.00      3.59      0.00      0.00     96.38
                all      0.04      0.00      3.59      0.00      0.00     96.38
                all      0.03      0.00      3.30      0.31      0.00     96.36
                all      0.06      0.00      1.93      1.60      0.00     96.41
                all      0.37      0.00      2.75      0.13      0.00     96.75
                all      0.02      0.00      3.02      0.00      0.00     96.96
                all      0.02      0.00      3.02      0.00      0.00     96.96
                all      0.34      0.00      0.59      0.00      0.00     99.07
end------
                all      0.03      0.00      0.18      0.00      0.00     99.79
                all      0.11      0.00      0.46      0.00      0.00     99.43
                all      0.11      0.00      0.46      0.07      0.00     99.36
start----
                all      0.11      0.00      0.40      0.01      0.00     99.48
                all      0.07      0.00      2.91      0.02      0.00     97.00
                all      0.03      0.00      3.04      0.00      0.00     96.92
                all      0.03      0.00      3.57      0.00      0.00     96.40
                all      0.04      0.00      3.57      0.00      0.00     96.39
                all      0.03      0.00      3.63      0.00      0.00     96.34
                all      0.03      0.00      3.47      0.13      0.00     96.38
                all      0.03      0.00      2.02      1.54      0.00     96.42
                all      0.25      0.00      2.70      0.39      0.00     96.65
                all      0.01      0.00      3.03      0.00      0.00     96.96
                all      0.02      0.00      3.02      0.00      0.00     96.96
                all      0.48      0.00      0.92      0.00      0.00     98.59
end------
                all      0.05      0.00      0.21      0.00      0.00     99.74
                all      0.10      0.00      0.47      0.00      0.00     99.43
                all      0.12      0.00      0.45      0.08      0.00     99.35
start----
                all      0.10      0.00      0.44      0.01      0.00     99.44
                all      0.06      0.00      2.95      0.01      0.00     96.98
                all      0.03      0.00      3.07      0.00      0.00     96.90
                all      0.03      0.00      3.58      0.00      0.00     96.39
                all      0.04      0.00      3.60      0.00      0.00     96.36
                all      0.03      0.00      3.60      0.00      0.00     96.37
                all      0.04      0.00      3.45      0.16      0.00     96.35
                all      0.04      0.00      2.22      1.45      0.00     96.29
                all      0.24      0.00      2.85      0.21      0.00     96.70
                all      0.02      0.00      3.02      0.00      0.00     96.96
                all      0.02      0.00      3.02      0.00      0.00     96.96
                all      0.51      0.00      0.61      0.00      0.00     98.87
end------
                all      0.07      0.00      0.28      0.00      0.00     99.66
                all      0.11      0.00      0.45      0.00      0.00     99.43
                all      0.10      0.00      0.48      0.00      0.00     99.42
start----
                all      0.18      0.00      0.69      0.03      0.00     99.10
                all      0.06      0.00      5.05      0.00      0.00     94.89
end------
                all      0.01      0.00      0.03      0.00      0.00     99.96
                all      0.10      0.00      0.45      0.00      0.00     99.45
                all      0.11      0.00      0.47      0.00      0.00     99.42
                all      0.12      0.00      0.46      0.00      0.00     99.42
start----
                all      0.17      0.00      3.59      0.02      0.00     96.22
                all      0.04      0.00      1.86      0.00      0.00     98.10
end------
                all      0.06      0.00      0.24      0.00      0.00     99.70
                all      0.11      0.00      0.47      0.00      0.00     99.42
                all      0.12      0.00      0.46      0.07      0.00     99.35
start----
                all      0.16      0.00      1.15      0.01      0.00     98.68
                all      0.07      0.00      4.48      0.00      0.00     95.44
end------
                all      0.01      0.00      0.05      0.00      0.00     99.94
                all      0.11      0.00      0.46      0.00      0.00     99.43
                all      0.11      0.00      0.46      0.07      0.00     99.36
                all      0.10      0.00      0.46      0.00      0.00     99.44
start----
                all      0.14      0.00      4.07      0.03      0.00     95.77
                all      0.05      0.00      5.95      0.00      0.00     94.00
                all      0.05      0.00      0.43      0.00      0.00     99.52
end------
                all      0.09      0.00      0.39      0.00      0.00     99.53
                all      0.11      0.00      0.45      0.00      0.00     99.43
                all      0.11      0.00      0.45      0.00      0.00     99.43
start----
                all      0.18      0.00      2.44      0.02      0.00     97.36
                all      0.05      0.00      5.93      0.00      0.00     94.02
                all      0.05      0.00      2.14      0.00      0.00     97.81
end------
                all      0.05      0.00      0.26      0.00      0.00     99.69
                all      0.11      0.00      0.45      0.00      0.00     99.43
                all      0.11      0.00      0.46      0.00      0.00     99.43
start----
                all      0.17      0.00      0.90      0.01      0.00     98.92
                all      0.07      0.00      5.93      0.00      0.00     93.99
                all      0.04      0.00      3.81      0.00      0.00     96.14
end------
                all      0.03      0.00      0.12      0.00      0.00     99.86
                all      0.11      0.00      0.46      0.00      0.00     99.44
                all      0.11      0.00      0.47      0.00      0.00     99.42
start----
                all      0.10      0.00      0.43      0.00      0.00     99.47
                all      0.13      0.00      4.84      0.03      0.00     95.00
                all      0.04      0.00      6.31      0.00      0.00     93.65
                all      0.34      0.00      5.85      0.00      0.00     93.81
                all      0.46      0.00      4.24      0.00      0.00     95.30
                all      0.02      0.00      0.06      0.00      0.00     99.92
end------
                all      0.09      0.00      0.42      0.00      0.00     99.49
                all      0.12      0.00      0.45      0.00      0.00     99.43
                all      0.11      0.00      0.46      0.00      0.00     99.44
start----
                all      0.16      0.00      2.85      0.02      0.00     96.98
                all      0.04      0.00      6.08      0.00      0.00     93.88
                all      0.17      0.00      6.16      0.00      0.00     93.67
                all      0.02      0.00      5.96      0.00      0.00     94.02
                all      0.09      0.00      0.23      0.00      0.00     99.68
end------
                all      0.10      0.00      0.42      0.00      0.00     99.48
                all      0.11      0.00      0.46      0.00      0.00     99.43
                all      0.10      0.00      0.46      0.00      0.00     99.43
start----
                all      0.18      0.00      2.68      0.02      0.00     97.12
                all      0.03      0.00      6.07      0.00      0.00     93.90
                all      0.24      0.00      6.12      0.00      0.00     93.63
                all      0.03      0.00      5.98      0.00      0.00     94.00
                all      0.15      0.00      0.57      0.00      0.00     99.28
end------
                all      0.07      0.00      0.27      0.00      0.00     99.66
                all      0.12      0.00      0.45      0.00      0.00     99.43
                all      0.12      0.00      0.46      0.00      0.00     99.42
start----
                all      0.19      0.00      0.94      0.02      0.00     98.84
                all      0.04      0.00      5.94      0.00      0.00     94.01
                all      0.04      0.00      6.42      0.00      0.00     93.54
                all      0.04      0.00      6.52      0.00      0.00     93.44
                all      0.03      0.00      3.24      3.20      0.00     93.53
                all      1.15      0.00      2.51      2.67      0.00     93.67
                all      0.02      0.00      6.02      0.00      0.00     93.96
                all      0.01      0.00      5.98      0.00      0.00     94.01
                all      0.28      0.00      5.70      0.00      0.00     94.01
                all      0.04      0.00      0.12      0.00      0.00     99.83
end------
                all      0.08      0.00      0.34      0.00      0.00     99.58
                all      0.12      0.00      0.45      0.00      0.00     99.43
                all      0.10      0.00      0.46      0.00      0.00     99.44
start----
                all      0.18      0.00      1.51      0.02      0.00     98.28
                all      0.05      0.00      5.98      0.00      0.00     93.98
                all      0.04      0.00      6.49      0.00      0.00     93.47
                all      0.03      0.00      6.47      0.09      0.00     93.41
                all      0.03      0.00      3.06      3.33      0.00     93.59
                all      0.97      0.00      3.45      2.01      0.00     93.57
                all      0.02      0.00      5.98      0.00      0.00     94.01
                all      0.02      0.00      5.98      0.00      0.00     94.00
                all      0.20      0.00      4.68      0.00      0.00     95.12
                all      0.03      0.00      0.06      0.00      0.00     99.91
end------
                all      0.09      0.00      0.38      0.00      0.00     99.53
                all      0.13      0.00      0.45      0.00      0.00     99.43
                all      0.10      0.00      0.46      0.00      0.00     99.44
start----
                all      0.18      0.00      2.51      0.02      0.00     97.30
                all      0.04      0.00      6.04      0.00      0.00     93.92
                all      0.03      0.00      6.53      0.00      0.00     93.44
                all      0.05      0.00      5.88      0.65      0.00     93.42
                all      0.03      0.00      2.72      3.68      0.00     93.57
                all      0.72      0.00      3.98      1.68      0.00     93.61
                all      0.01      0.00      5.98      0.00      0.00     94.01
                all      0.01      0.00      5.97      0.00      0.00     94.01
                all      0.40      0.00      3.74      0.00      0.00     95.86
end------
                all      0.02      0.00      0.10      0.00      0.00     99.88
                all      0.12      0.00      0.46      0.00      0.00     99.42
                all      0.12      0.00      0.45      0.00      0.00     99.43
start----
                all      0.11      0.00      0.44      0.00      0.00     99.45
                all      0.34      0.00      8.64      0.01      0.00     91.00
                all      0.05      0.00      1.31      0.00      0.00     98.63
end------
                all      0.09      0.00      0.37      0.00      0.00     99.54
                all      0.11      0.00      0.45      0.00      0.00     99.43
                all      0.12      0.00      0.45      0.00      0.00     99.43
start----
                all      0.28      0.00      3.78      0.02      0.00     95.92
                all      0.10      0.00      6.27      0.00      0.00     93.63
end------
                all      0.04      0.00      0.17      0.00      0.00     99.79
                all      0.11      0.00      0.45      0.00      0.00     99.44
                all      0.11      0.00      0.45      0.00      0.00     99.43
start----
                all      0.11      0.00      0.41      0.00      0.00     99.47
                all      0.37      0.00      9.87      0.01      0.00     89.75
end------
                all      0.01      0.00      0.04      0.00      0.00     99.94
                all      0.13      0.00      0.51      0.00      0.00     99.35
                all      0.11      0.00      0.46      0.00      0.00     99.42
                all      0.12      0.00      0.45      0.00      0.00     99.43
start----
                all      0.31      0.00      5.67      0.03      0.00     93.99
                all      0.16      0.00     11.74      0.00      0.00     88.10
                all      0.18      0.00      1.65      0.02      0.00     98.15
end------
                all      0.08      0.00      0.32      0.00      0.00     99.59
                all      0.11      0.00      0.47      0.00      0.00     99.42
                all      0.11      0.00      0.46      0.01      0.00     99.42
start----
                all      0.29      0.00      3.36      0.03      0.00     96.32
                all      0.08      0.00     11.81      0.00      0.00     88.12
                all      0.07      0.00      3.83      0.00      0.00     96.10
end------
                all      0.06      0.00      0.24      0.00      0.00     99.71
                all      0.12      0.00      0.45      0.00      0.00     99.43
                all      0.11      0.00      0.46      0.00      0.00     99.43
start----
                all      0.32      0.00      1.31      0.02      0.00     98.36
                all      0.10      0.00     11.79      0.00      0.00     88.11
                all      0.06      0.00      5.97      0.00      0.00     93.97
end------
                all      0.03      0.00      0.16      0.00      0.00     99.81
                all      0.13      0.00      0.44      0.00      0.00     99.43
                all      0.12      0.00      0.45      0.07      0.00     99.36
start----
                all      0.11      0.00      0.40      0.00      0.00     99.48
                all      0.27      0.00     10.65      0.02      0.00     89.06
                all      0.33      0.00     11.96      0.00      0.00     87.71
                all      0.01      0.00     11.87      0.00      0.00     88.12
                all      0.17      0.00      3.00      0.01      0.00     96.82
end------
                all      0.04      0.00      0.20      0.00      0.00     99.76
                all      0.12      0.00      0.46      0.00      0.00     99.42
                all      0.11      0.00      0.47      0.07      0.00     99.35
start----
                all      0.10      0.00      0.41      0.00      0.00     99.49
                all      0.24      0.00     11.13      0.02      0.00     88.61
                all      0.34      0.00     11.94      0.00      0.00     87.73
                all      0.01      0.00     11.88      0.00      0.00     88.11
                all      0.13      0.00      2.73      0.00      0.00     97.14
end------
                all      0.05      0.00      0.21      0.00      0.00     99.74
                all      0.11      0.00      0.46      0.00      0.00     99.44
                all      0.12      0.00      0.45      0.08      0.00     99.35
start----
                all      0.11      0.00      0.66      0.03      0.00     99.20
                all      0.24      0.00     11.29      0.00      0.00     88.46
                all      0.44      0.00     11.82      0.02      0.00     87.72
                all      0.01      0.00     11.90      0.00      0.00     88.08
                all      0.41      0.00      2.48      0.00      0.00     97.11
end------
                all      0.07      0.00      0.27      0.00      0.00     99.67
                all      0.12      0.00      0.45      0.00      0.00     99.43
                all      0.11      0.00      0.45      0.00      0.00     99.43
start----
                all      0.30      0.00      2.16      0.03      0.00     97.51
                all      0.04      0.00     11.94      0.00      0.00     88.02
                all      0.04      0.00     12.47      0.00      0.00     87.49
                all      0.04      0.00      8.29      4.09      0.00     87.57
                all      2.56      0.00      6.37      3.27      0.00     87.80
                all      0.02      0.00     11.88      0.00      0.00     88.10
                all      0.01      0.00     11.88      0.00      0.00     88.11
                all      0.27      0.00      9.57      0.00      0.00     90.16
                all      0.02      0.00      0.06      0.00      0.00     99.91
end------
                all      0.09      0.00      0.36      0.00      0.00     99.55
                all      0.11      0.00      0.46      0.00      0.00     99.43
                all      0.12      0.00      0.45      0.07      0.00     99.37
start----
                all      0.26      0.00      4.55      0.03      0.00     95.16
                all      0.05      0.00     12.04      0.00      0.00     87.91
                all      0.04      0.00     12.45      0.00      0.00     87.51
                all      0.06      0.00      6.06      6.31      0.00     87.58
                all      1.72      0.00      8.82      1.56      0.00     87.90
                all      0.02      0.00     11.88      0.00      0.00     88.10
                all      0.03      0.00     11.88      0.00      0.00     88.09
                all      0.35      0.00      6.04      0.00      0.00     93.60
end------
                all      0.01      0.00      0.06      0.00      0.00     99.93
                all      0.12      0.00      0.46      0.00      0.00     99.42
                all      0.12      0.00      0.46      0.07      0.00     99.35
                all      0.13      0.00      0.45      0.00      0.00     99.43
start----
                all      0.25      0.00      7.82      0.03      0.00     91.90
                all      0.05      0.00     12.23      0.00      0.00     87.72
                all      0.04      0.00     12.52      0.00      0.00     87.44
                all      1.37      0.00      4.16      6.75      0.00     87.73
                all      0.97      0.00     10.98      0.06      0.00     87.99
                all      0.01      0.00     11.89      0.00      0.00     88.10
                all      0.08      0.00     11.91      0.04      0.00     87.96
                all      0.46      0.00      3.28      0.00      0.00     96.27
end------
                all      0.06      0.00      0.25      0.00      0.00     99.69
                all      0.12      0.00      0.45      0.00      0.00     99.43
                all      0.11      0.00      0.46      0.07      0.00     99.36
start----
                all      0.39      0.00      1.80      0.05      0.00     97.75
                all      0.48      0.00     18.08      0.01      0.00     81.43
end------
                all      0.00      0.00      0.03      0.00      0.00     99.97
                all      0.12      0.00      0.45      0.00      0.00     99.43
                all      0.11      0.00      0.46      0.05      0.00     99.38
                all      0.11      0.00      0.46      0.02      0.00     99.41
start----
                all      0.69      0.00     12.49      0.08      0.00     86.75
                all      0.13      0.00      7.22      0.00      0.00     92.64
end------
                all      0.07      0.00      0.22      0.00      0.00     99.71
                all      0.13      0.00      0.45      0.00      0.00     99.42
                all      0.11      0.00      0.45      0.08      0.00     99.35
start----
                all      0.38      0.00      1.58      0.06      0.00     97.99
                all      0.72      0.00     18.25      0.01      0.00     81.02
end------
                all      0.00      0.00      0.03      0.00      0.00     99.97
                all      0.11      0.00      0.46      0.00      0.00     99.43
                all      0.12      0.00      0.45      0.05      0.00     99.38
                all      0.13      0.00      0.44      0.03      0.00     99.39
start----
                all      0.55      0.00     12.43      0.05      0.00     86.97
                all      0.15      0.00     23.51      0.00      0.00     76.34
                all      0.15      0.00      1.21      0.00      0.00     98.63
end------
                all      0.09      0.00      0.35      0.00      0.00     99.56
                all      0.11      0.00      0.46      0.00      0.00     99.43
                all      0.11      0.00      0.46      0.00      0.00     99.43
start----
                all      0.59      0.00      6.75      0.03      0.00     92.64
                all      0.23      0.00     23.46      0.00      0.00     76.31
                all      0.12      0.00      6.91      0.00      0.00     92.97
end------
                all      0.07      0.00      0.24      0.00      0.00     99.68
                all      0.12      0.00      0.46      0.00      0.00     99.42
                all      0.12      0.00      0.46      0.00      0.00     99.42
start----
                all      0.37      0.00      1.78      0.04      0.00     97.81
                all      0.39      0.00     23.08      0.01      0.00     76.52
                all      0.14      0.00     12.19      0.00      0.00     87.67
end------
                all      0.04      0.00      0.13      0.00      0.00     99.83
                all      0.11      0.00      0.46      0.00      0.00     99.43
                all      0.12      0.00      0.45      0.08      0.00     99.35
start----
                all      0.11      0.00      0.42      0.00      0.00     99.47
                all      0.59      0.00     18.96      0.10      0.00     80.34
                all      0.69      0.00     23.36      0.00      0.00     75.95
                all      0.01      0.00     23.69      0.00      0.00     76.30
                all      0.24      0.00      6.94      0.00      0.00     92.81
end------
                all      0.06      0.00      0.25      0.00      0.00     99.69
                all      0.14      0.00      0.52      0.00      0.00     99.34
                all      0.12      0.00      0.46      0.00      0.00     99.42
start----
                all      0.38      0.00      1.56      0.03      0.00     98.02
                all      0.36      0.00     23.15      0.01      0.00     76.48
                all      0.80      0.00     23.21      0.00      0.00     75.99
                all      0.02      0.00     23.69      0.00      0.00     76.29
                all      0.14      0.00      1.58      0.00      0.00     98.28
end------
                all      0.08      0.00      0.28      0.00      0.00     99.64
                all      0.13      0.00      0.44      0.00      0.00     99.43
                all      0.12      0.00      0.45      0.00      0.00     99.43
start----
                all      0.34      0.00      1.64      0.04      0.00     97.98
                all      0.48      0.00     22.84      0.01      0.00     76.67
                all      0.70      0.00     23.30      0.00      0.00     76.00
                all      0.01      0.00     23.71      0.00      0.00     76.28
                all      0.24      0.00      1.49      0.00      0.00     98.27
end------
                all      0.09      0.00      0.33      0.00      0.00     99.58
                all      0.14      0.00      0.45      0.00      0.00     99.41
                all      0.11      0.00      0.45      0.07      0.00     99.36
start----
                all      0.61      0.00      6.48      0.03      0.00     92.88
                all      0.06      0.00     23.85      0.00      0.00     76.10
                all      0.05      0.00     24.17      0.00      0.00     75.78
                all      5.24      0.00     18.80      0.09      0.00     75.87
                all      0.02      0.00     23.72      0.00      0.00     76.26
                all      0.02      0.00     23.70      0.00      0.00     76.28
                all      0.02      0.00     23.68      0.00      0.00     76.30
                all      0.50      0.00      2.70      0.00      0.00     96.79
end------
                all      0.10      0.00      0.34      0.00      0.00     99.56
                all      0.13      0.00      0.44      0.00      0.00     99.44
                all      0.12      0.00      0.45      0.00      0.00     99.43
start----
                all      0.57      0.00      4.82      0.04      0.00     94.57
                all      0.04      0.00     23.82      0.00      0.00     76.14
                all      0.05      0.00     24.23      0.00      0.00     75.72
                all      0.34      0.00     23.80      0.00      0.00     75.87
                all      0.01      0.00     23.70      0.00      0.00     76.29
                all      0.01      0.00     23.70      0.00      0.00     76.29
                all      0.59      0.00     21.74      0.00      0.00     77.66
                all      0.02      0.00      0.07      0.00      0.00     99.91
end------
                all      0.10      0.00      0.38      0.00      0.00     99.52
                all      0.14      0.00      0.42      0.00      0.00     99.43
                all      0.13      0.00      0.44      0.00      0.00     99.43
start----
                all      0.62      0.00      8.16      0.08      0.00     91.14
                all      0.05      0.00     23.90      0.00      0.00     76.05
                all      0.05      0.00     24.26      0.00      0.00     75.69
                all      0.47      0.00     23.62      0.00      0.00     75.91
                all      0.01      0.00     23.70      0.00      0.00     76.29
                all      0.03      0.00     23.69      0.00      0.00     76.28
                all      0.22      0.00     18.03      0.00      0.00     81.75
end------
                all      0.01      0.00      0.07      0.00      0.00     99.92
                all      0.13      0.00      0.44      0.00      0.00     99.44
                all      0.13      0.00      0.44      0.00      0.00     99.42
                all      0.13      0.00      0.44      0.00      0.00     99.43
start----
                all      2.07      0.00     21.15      0.11      0.00     76.68
                all      0.94      0.00     30.71      0.00      0.00     68.35
end------
                all      0.01      0.00      0.05      0.00      0.00     99.94
                all      0.12      0.00      0.45      0.00      0.00     99.43
                all      0.14      0.00      0.43      0.07      0.00     99.36
                all      0.13      0.00      0.45      0.01      0.00     99.41
start----
                all      1.94      0.00     23.23      0.09      0.00     74.75
                all      0.94      0.00     28.47      0.00      0.00     70.60
end------
                all      0.01      0.00      0.06      0.00      0.00     99.92
                all      0.14      0.00      0.53      0.00      0.00     99.32
                all      0.13      0.00      0.44      0.00      0.00     99.43
                all      0.13      0.00      0.45      0.00      0.00     99.42
start----
                all      2.10      0.00     24.83      0.07      0.00     73.00
                all      0.67      0.00     26.31      0.02      0.00     73.00
end------
                all      0.03      0.00      0.10      0.00      0.00     99.87
                all      0.13      0.00      0.45      0.00      0.00     99.42
                all      0.12      0.00      0.45      0.07      0.00     99.36
start----
                all      0.14      0.00      0.43      0.00      0.00     99.44
                all      1.91      0.00     26.95      0.07      0.00     71.07
                all      0.42      0.00     46.00      0.00      0.00     53.58
                all      0.60      0.00     19.56      0.00      0.00     79.84
end------
                all      0.04      0.00      0.14      0.00      0.00     99.83
                all      0.13      0.00      0.44      0.00      0.00     99.44
                all      0.13      0.00      0.44      0.00      0.00     99.43
start----
                all      0.12      0.00      0.39      0.00      0.00     99.48
                all      2.12      0.00     33.51      0.10      0.00     64.27
                all      0.44      0.00     45.94      0.00      0.00     53.62
                all      0.56      0.00     13.43      0.01      0.00     86.00
end------
                all      0.06      0.00      0.19      0.00      0.00     99.75
                all      0.13      0.00      0.43      0.00      0.00     99.44
                all      0.13      0.00      0.44      0.07      0.00     99.35
start----
                all      0.23      0.00      1.49      0.05      0.00     98.24
                all      1.87      0.00     39.00      0.04      0.00     59.10
                all      0.43      0.00     45.70      0.00      0.00     53.87
                all      0.56      0.00      6.28      0.00      0.00     93.15
end------
                all      0.07      0.00      0.27      0.00      0.00     99.66
                all      0.13      0.00      0.43      0.00      0.00     99.44
                all      0.13      0.00      0.45      0.07      0.00     99.35
start----
                all      0.94      0.00      3.92      0.06      0.00     95.08
                all      1.14      0.00     44.25      0.02      0.00     54.59
                all      0.49      0.00     46.25      0.00      0.00     53.27
                all      0.02      0.00     46.29      0.00      0.00     53.70
                all      0.93      0.00     35.73      0.00      0.00     63.34
end------
                all      0.01      0.00      0.04      0.00      0.00     99.95
                all      0.11      0.00      0.43      0.00      0.00     99.45
                all      0.14      0.00      0.45      0.03      0.00     99.38
                all      0.13      0.00      0.44      0.04      0.00     99.38
start----
                all      1.86      0.00     18.30      0.13      0.00     79.71
                all      0.04      0.00     47.48      0.00      0.00     52.47
                all      0.41      0.00     46.00      0.00      0.00     53.59
                all      0.02      0.00     46.25      0.00      0.00     53.74
                all      0.72      0.00     18.39      0.00      0.00     80.89
end------
                all      0.01      0.00      0.06      0.00      0.00     99.93
                all      0.13      0.00      0.44      0.00      0.00     99.43
                all      0.13      0.00      0.44      0.07      0.00     99.36
start----
                all      0.14      0.00      0.45      0.00      0.00     99.41
                all      2.16      0.00     25.02      0.07      0.00     72.75
                all      0.04      0.00     47.60      0.00      0.00     52.35
                all      0.50      0.00     45.23      0.00      0.00     54.27
                all      0.01      0.00     46.27      0.00      0.00     53.72
                all      1.12      0.00     11.68      0.00      0.00     87.20
end------
                all      0.03      0.00      0.11      0.00      0.00     99.85
                all      0.13      0.00      0.44      0.00      0.00     99.43
                all      0.14      0.00      0.44      0.00      0.00     99.43
start----
                all      0.12      0.00      0.40      0.00      0.00     99.48
                all      2.03      0.00     31.62      0.07      0.00     66.28
                all      0.05      0.00     47.65      0.00      0.00     52.31
                all      0.04      0.00     47.88      0.00      0.00     52.08
                all      0.38      0.00     46.28      0.00      0.00     53.33
                all      0.02      0.00     46.31      0.00      0.00     53.67
                all      0.04      0.00     46.37      0.00      0.00     53.59
                all      0.03      0.00     46.24      0.00      0.00     53.73
                all      0.79      0.00     33.34      0.00      0.00     65.86
                all      0.03      0.00      0.07      0.00      0.00     99.90
end------
                all      0.11      0.00      0.38      0.00      0.00     99.51
                all      0.13      0.00      0.44      0.00      0.00     99.42
                all      0.14      0.00      0.44      0.00      0.00     99.43
start----
                all      2.12      0.00      8.90      0.06      0.00     88.92
                all      0.05      0.00     47.35      0.00      0.00     52.60
                all      0.05      0.00     47.88      0.00      0.00     52.07
                all      0.66      0.00     47.21      0.00      0.00     52.13
                all      0.02      0.00     45.57      0.02      0.00     54.40
                all      0.02      0.00     46.25      0.00      0.00     53.73
                all      0.02      0.00     46.22      0.00      0.00     53.76
                all      0.02      0.00     46.18      0.00      0.00     53.80
                all      1.21      0.00     11.34      0.00      0.00     87.45
end------
                all      0.03      0.00      0.11      0.00      0.00     99.86
                all      0.13      0.00      0.44      0.00      0.00     99.43
                all      0.12      0.00      0.45      0.07      0.00     99.36
start----
                all      0.13      0.00      0.40      0.00      0.00     99.47
                all      1.73      0.00     31.19      0.07      0.00     67.02
                all      0.06      0.00     47.65      0.00      0.00     52.30
                all      0.06      0.00     47.85      0.00      0.00     52.10
                all      0.59      0.00     45.47      0.00      0.00     53.93
                all      0.02      0.00     46.26      0.00      0.00     53.73
                all      0.02      0.00     46.27      0.00      0.00     53.71
                all      0.02      0.00     46.17      0.00      0.00     53.82
                all      1.67      0.00     35.61      0.00      0.00     62.72
                all      0.02      0.00      0.07      0.00      0.00     99.91
end------
                all      0.10      0.00      0.37      0.00      0.00     99.53
                all      0.12      0.00      0.44      0.00      0.00     99.44
                all      0.13      0.00      0.44      0.00      0.00     99.43
start----
                all      0.96      0.00      9.75      0.03      0.00     89.26
                all      7.88      0.00     71.39      0.10      0.00     20.64
                all      8.94      0.00     77.74      0.00      0.00     13.32
                all      0.07      0.00      4.66      0.01      0.00     95.27
end------
                all      0.06      0.00      0.20      0.00      0.00     99.73
                all      0.15      0.00      0.42      0.00      0.00     99.44
                all      0.13      0.00      0.44      0.00      0.00     99.43
start----
                all      0.14      0.00      1.11      0.03      0.00     98.73
                all      8.86      0.00     49.98      0.13      0.00     41.03
                all      3.31      0.00     86.62      0.00      0.00     10.06
                all      4.33      0.00     22.84      0.00      0.00     72.83
end------
                all      0.02      0.00      0.08      0.00      0.00     99.90
                all      0.14      0.00      0.43      0.00      0.00     99.43
                all      0.14      0.00      0.44      0.00      0.00     99.42
                all      0.14      0.00      0.43      0.00      0.00     99.42
start----
                all      4.38      0.00     31.14      0.13      0.00     64.34
                all      7.57      0.00     79.85      0.06      0.00     12.53
                all      6.29      0.00     47.98      0.01      0.00     45.72
                all      0.03      0.00      0.08      0.00      0.00     99.89
end------
                all      0.11      0.00      0.35      0.00      0.00     99.53
                all      0.13      0.00      0.44      0.00      0.00     99.44
                all      0.14      0.00      0.44      0.00      0.00     99.43
start----
                all      1.00      0.00     14.49      0.05      0.00     84.46
                all      7.31      0.00     72.09      0.12      0.00     20.48
                all      2.25      0.00     89.21      0.00      0.00      8.55
                all      0.43      0.00     87.00      0.00      0.00     12.57
                all      3.78      0.00     18.51      0.00      0.00     77.70
end------
                all      0.03      0.00      0.11      0.00      0.00     99.86
                all      0.15      0.00      0.51      0.00      0.00     99.34
                all      0.14      0.00      0.45      0.00      0.00     99.41
start----
                all      0.15      0.00      0.44      0.00      0.00     99.41
                all      5.39      0.00     35.10      0.14      0.00     59.37
                all      2.31      0.00     88.51      0.01      0.00      9.17
                all      3.67      0.00     83.14      0.00      0.00     13.19
                all      6.71      0.00     69.62      0.00      0.00     23.67
                all      0.03      0.00      0.18      0.00      0.00     99.79
end------
                all      0.06      0.00      0.19      0.00      0.00     99.75
                all      0.13      0.00      0.44      0.00      0.00     99.43
                all      0.13      0.00      0.44      0.00      0.00     99.43
start----
                all      0.13      0.00      0.45      0.01      0.00     99.42
                all      8.14      0.00     43.41      0.13      0.00     48.32
                all      2.01      0.00     91.98      0.00      0.00      6.00
                all      0.03      0.00     86.49      0.00      0.00     13.48
                all      5.52      0.00     50.96      0.00      0.00     43.52
                all      0.03      0.00      0.10      0.00      0.00     99.87
end------
                all      0.08      0.00      0.27      0.00      0.00     99.65
                all      0.14      0.00      0.44      0.00      0.00     99.43
                all      0.13      0.00      0.45      0.08      0.00     99.35
start----
                all      0.67      0.00      8.62      0.04      0.00     90.67
                all      8.26      0.00     56.65      0.18      0.00     34.91
                all      0.04      0.00     94.52      0.00      0.00      5.43
                all      2.31      0.00     89.03      0.00      0.00      8.66
                all      0.04      0.00     87.28      0.00      0.00     12.68
                all      0.05      0.00     87.22      0.00      0.00     12.73
                all      8.85      0.00     79.20      0.00      0.00     11.95
                all      0.07      0.00      4.16      0.01      0.00     95.76
end------
                all      0.06      0.00      0.20      0.00      0.00     99.74
                all      0.14      0.00      0.42      0.00      0.00     99.44
                all      0.14      0.00      0.43      0.00      0.00     99.44
start----
                all      0.14      0.00      1.23      0.03      0.00     98.60
                all      8.87      0.00     50.14      0.12      0.00     40.88
                all      0.05      0.00     94.47      0.00      0.00      5.48
                all      2.27      0.00     90.81      0.00      0.00      6.91
                all      0.06      0.00     87.49      0.00      0.00     12.45
                all      0.05      0.00     87.21      0.00      0.00     12.74
                all      5.74      0.00     82.06      0.00      0.00     12.20
                all      1.93      0.00     13.39      0.01      0.00     84.67
end------
                all      0.04      0.00      0.15      0.00      0.00     99.81
                all      0.13      0.00      0.43      0.00      0.00     99.44
                all      0.14      0.00      0.43      0.00      0.00     99.43
start----
                all      0.10      0.00      0.40      0.00      0.00     99.49
                all      7.43      0.00     38.74      0.17      0.00     53.67
                all      0.13      0.00     94.23      0.00      0.00      5.64
                all      0.79      0.00     94.07      0.00      0.00      5.14
                all      2.86      0.00     80.51      0.00      0.00     16.63
                all      0.04      0.00     87.32      0.00      0.00     12.63
                all      2.17      0.00     85.47      0.00      0.00     12.36
                all      4.86      0.00     19.92      0.00      0.00     75.22
end------
                all      0.01      0.00      0.03      0.00      0.00     99.96
                all      0.13      0.00      0.42      0.00      0.00     99.46
                all      0.13      0.00      0.43      0.03      0.00     99.40
                all      0.14      0.00      0.43      0.04      0.00     99.40
start----
                all      2.95      0.00     20.13      0.07      0.00     76.84
                all      4.98      0.00     80.03      0.02      0.00     14.97
                all      0.04      0.00     94.68      0.00      0.00      5.28
                all      0.05      0.00     94.86      0.00      0.00      5.09
                all      0.05      0.00     94.83      0.00      0.00      5.12
                all      5.85      0.00     84.78      0.00      0.00      9.37
                all      0.05      0.00     87.34      0.02      0.00     12.59
                all      0.21      0.00     88.06      0.01      0.00     11.73
                all      0.05      0.00     87.26      0.00      0.00     12.68
                all      0.07      0.00     87.21      0.00      0.00     12.72
                all      0.04      0.00     87.14      0.00      0.00     12.82
                all      7.13      0.00     65.51      0.00      0.00     27.36
                all      0.03      0.00      0.17      0.01      0.00     99.80
end------
                all      0.06      0.00      0.20      0.00      0.00     99.74
                all      0.13      0.00      0.44      0.00      0.00     99.44
                all      0.13      0.00      0.44      0.00      0.00     99.43
start----
                all      0.12      0.00      0.87      0.01      0.00     98.99
                all      8.32      0.00     50.11      0.15      0.00     41.43
                all      0.05      0.00     94.48      0.00      0.00      5.47
                all      0.04      0.00     94.53      0.00      0.00      5.43
                all      0.05      0.00     94.87      0.00      0.00      5.08
                all      1.02      0.00     93.89      0.00      0.00      5.09
                all      7.05      0.00     78.14      0.00      0.00     14.81
                all      0.05      0.00     87.30      0.00      0.00     12.65
                all      0.05      0.00     87.35      0.00      0.00     12.60
                all      0.04      0.00     87.23      0.00      0.00     12.73
                all      0.04      0.00     87.35      0.00      0.00     12.61
                all      0.34      0.00     86.96      0.00      0.00     12.70
                all      4.74      0.00     23.53      0.00      0.00     71.73
                all      0.01      0.00      0.06      0.00      0.00     99.93
end------
                all      0.12      0.00      0.41      0.00      0.00     99.48
                all      0.13      0.00      0.45      0.01      0.00     99.41
                all      0.14      0.00      0.44      0.06      0.00     99.37
start----
                all      3.16      0.00     12.31      0.10      0.00     84.43
                all      5.25      0.00     79.48      0.04      0.00     15.23
                all      0.05      0.00     94.63      0.00      0.00      5.32
                all      0.05      0.00     94.83      0.00      0.00      5.12
                all      0.05      0.00     94.83      0.00      0.00      5.12
                all      2.93      0.00     86.61      0.00      0.00     10.46
                all      0.05      0.00     87.27      0.00      0.00     12.68
                all      0.04      0.00     87.19      0.00      0.00     12.77
                all      0.06      0.00     87.41      0.00      0.00     12.53
                all      0.04      0.00     87.25      0.00      0.00     12.71
                all      0.05      0.00     87.25      0.00      0.00     12.70
                all      9.26      0.00     69.13      0.00      0.00     21.60
                all      0.03      0.00      0.59      0.01      0.00     99.37
end------
                all      0.04      0.00      0.19      0.00      0.00     99.76
                all      0.12      0.00      0.44      0.00      0.00     99.44
                all      0.13      0.00      0.44      0.08      0.00     99.35
                all      0.12      0.00      0.38      0.00      0.00     99.50
End of data collecting unexpected
