
Linux 5.2.8200225+ (knl03.kisti.re.kr) 	2020년 03월 30일 	_x86_64_	(272 CPU)

                CPU     %user     %nice   %system   %iowait    %steal     %idle
                all      0.03      0.00      0.09      0.00      0.00     99.88
                all      0.02      0.00      0.08      0.15      0.00     99.74
                all      0.01      0.00      0.07      0.37      0.00     99.55
                all      0.01      0.00      0.07      0.36      0.00     99.55
                all      0.01      0.00      0.08      0.08      0.00     99.83
                all      0.03      0.00      0.16      0.25      0.00     99.56
                all      0.03      0.00      0.11      0.06      0.00     99.80
                all      0.03      0.00      0.12      0.00      0.00     99.85
                all      0.09      0.00      0.16      0.07      0.00     99.68
                all      0.01      0.00      0.19      0.00      0.00     99.80
                all      0.01      0.00      0.07      0.00      0.00     99.91
                all      0.01      0.00      0.07      0.00      0.00     99.92
start----
                all      0.04      0.00      0.15      0.01      0.00     99.80
                all      0.08      0.00      2.92      0.01      0.00     96.99
                all      0.04      0.00      0.66      0.01      0.00     99.28
end------
                all      0.09      0.00      0.32      0.00      0.00     99.60
                all      0.12      0.00      0.45      0.00      0.00     99.43
                all      0.13      0.00      0.49      0.00      0.00     99.37
start----
                all      0.13      0.00      1.05      0.02      0.00     98.79
                all      0.07      0.00      2.81      0.00      0.00     97.12
                all      0.00      0.00      0.06      0.00      0.00     99.94
end------
                all      0.10      0.00      0.43      0.00      0.00     99.47
                all      0.11      0.00      0.46      0.00      0.00     99.42
                all      0.10      0.00      0.46      0.00      0.00     99.44
start----
                all      0.09      0.00      1.70      0.02      0.00     98.19
                all      0.08      0.00      2.02      0.01      0.00     97.90
end------
                all      0.02      0.00      0.11      0.00      0.00     99.87
                all      0.10      0.00      0.47      0.00      0.00     99.43
                all      0.11      0.00      0.46      0.00      0.00     99.42
start----
                all      0.11      0.00      0.44      0.00      0.00     99.45
                all      0.10      0.00      2.36      0.01      0.00     97.53
                all      0.04      0.00      3.00      0.00      0.00     96.96
                all      0.05      0.00      1.77      0.00      0.00     98.18
end------
                all      0.02      0.00      0.13      0.00      0.00     99.85
                all      0.10      0.00      0.47      0.00      0.00     99.42
                all      0.11      0.00      0.48      0.00      0.00     99.41
start----
                all      0.10      0.00      0.42      0.00      0.00     99.47
                all      0.08      0.00      2.61      0.01      0.00     97.29
                all      0.05      0.00      2.99      0.00      0.00     96.96
                all      0.05      0.00      1.47      0.01      0.00     98.47
end------
                all      0.03      0.00      0.10      0.00      0.00     99.87
                all      0.11      0.00      0.46      0.00      0.00     99.43
                all      0.11      0.00      0.45      0.07      0.00     99.36
start----
                all      0.11      0.00      0.46      0.00      0.00     99.43
                all      0.09      0.00      2.34      0.02      0.00     97.55
                all      0.08      0.00      2.97      0.00      0.00     96.95
                all      0.04      0.00      1.77      0.00      0.00     98.18
end------
                all      0.01      0.00      0.07      0.00      0.00     99.92
                all      0.11      0.00      0.45      0.00      0.00     99.44
                all      0.11      0.00      0.46      0.00      0.00     99.42
                all      0.11      0.00      0.46      0.00      0.00     99.42
start----
                all      0.07      0.00      2.12      0.02      0.00     97.78
                all      0.03      0.00      3.00      0.00      0.00     96.97
                all      0.03      0.00      3.51      0.00      0.00     96.46
                all      0.08      0.00      3.32      0.00      0.00     96.60
                all      0.02      0.00      3.03      0.00      0.00     96.96
                all      0.08      0.00      0.23      0.00      0.00     99.69
end------
                all      0.07      0.00      0.29      0.00      0.00     99.64
                all      0.12      0.00      0.46      0.00      0.00     99.42
                all      0.12      0.00      0.46      0.00      0.00     99.42
start----
                all      0.12      0.00      0.86      0.02      0.00     99.01
                all      0.03      0.00      3.01      0.00      0.00     96.97
                all      0.04      0.00      3.20      0.00      0.00     96.76
                all      0.03      0.00      3.59      0.00      0.00     96.38
                all      0.10      0.00      2.98      0.00      0.00     96.92
                all      0.09      0.00      1.63      0.00      0.00     98.28
end------
                all      0.03      0.00      0.13      0.00      0.00     99.84
                all      0.24      0.00      0.61      0.01      0.00     99.14
                all      0.11      0.00      0.46      0.00      0.00     99.42
start----
                all      0.10      0.00      0.42      0.00      0.00     99.47
                all      0.08      0.00      2.56      0.01      0.00     97.35
                all      0.03      0.00      3.02      0.00      0.00     96.95
                all      0.03      0.00      3.55      0.00      0.00     96.42
                all      0.08      0.00      3.20      0.00      0.00     96.73
                all      0.07      0.00      2.59      0.00      0.00     97.33
end------
                all      0.01      0.00      0.05      0.00      0.00     99.94
                all      0.10      0.00      0.45      0.00      0.00     99.44
                all      0.11      0.00      0.47      0.04      0.00     99.38
                all      0.13      0.00      0.54      0.03      0.00     99.30
start----
                all      0.10      0.00      1.90      0.02      0.00     97.98
                all      0.03      0.00      3.01      0.00      0.00     96.97
                all      0.04      0.00      3.40      0.00      0.00     96.56
                all      0.03      0.00      3.55      0.00      0.00     96.42
                all      0.03      0.00      3.54      0.00      0.00     96.43
                all      0.03      0.00      3.53      0.00      0.00     96.44
                all      0.04      0.00      2.81      0.77      0.00     96.38
                all      0.41      0.00      2.38      0.63      0.00     96.58
                all      0.01      0.00      3.02      0.00      0.00     96.97
                all      0.02      0.00      3.02      0.00      0.00     96.96
                all      0.35      0.00      1.52      0.00      0.00     98.12
end------
                all      0.01      0.00      0.05      0.00      0.00     99.94
                all      0.18      0.00      0.48      0.03      0.00     99.31
                all      0.11      0.00      0.46      0.00      0.00     99.43
                all      0.11      0.00      0.46      0.00      0.00     99.42
start----
                all      0.10      0.00      1.98      0.02      0.00     97.91
                all      0.03      0.00      3.01      0.00      0.00     96.95
                all      0.03      0.00      3.39      0.00      0.00     96.58
                all      0.03      0.00      3.60      0.00      0.00     96.37
                all      0.03      0.00      3.58      0.00      0.00     96.39
                all      0.03      0.00      3.55      0.00      0.00     96.43
                all      0.03      0.00      2.59      0.99      0.00     96.38
                all      0.31      0.00      2.33      0.82      0.00     96.55
                all      0.01      0.00      3.06      0.00      0.00     96.92
                all      0.02      0.00      3.02      0.00      0.00     96.96
                all      0.51      0.00      1.90      0.00      0.00     97.59
end------
                all      0.01      0.00      0.07      0.00      0.00     99.91
                all      0.11      0.00      0.46      0.00      0.00     99.43
                all      0.11      0.00      0.46      0.00      0.00     99.42
                all      0.11      0.00      0.46      0.00      0.00     99.42
start----
                all      0.08      0.00      2.09      0.02      0.00     97.80
                all      0.03      0.00      3.01      0.00      0.00     96.96
                all      0.03      0.00      3.42      0.00      0.00     96.55
                all      0.03      0.00      3.60      0.00      0.00     96.37
                all      0.03      0.00      3.57      0.00      0.00     96.39
                all      0.03      0.00      3.58      0.00      0.00     96.39
                all      0.03      0.00      2.53      0.94      0.00     96.49
                all      0.55      0.00      2.21      0.56      0.00     96.69
                all      0.01      0.00      3.05      0.00      0.00     96.94
                all      0.01      0.00      3.02      0.00      0.00     96.96
                all      0.40      0.00      1.60      0.00      0.00     98.01
end------
                all      0.03      0.00      0.14      0.00      0.00     99.83
                all      0.12      0.00      0.45      0.00      0.00     99.43
                all      0.11      0.00      0.47      0.00      0.00     99.42
start----
                all      0.11      0.00      0.44      0.00      0.00     99.45
                all      0.30      0.00      4.55      0.01      0.00     95.14
                all      0.06      0.00      0.93      0.00      0.00     99.01
end------
                all      0.08      0.00      0.32      0.00      0.00     99.59
                all      0.11      0.00      0.46      0.00      0.00     99.43
                all      0.13      0.00      0.45      0.07      0.00     99.35
start----
                all      0.17      0.00      2.02      0.02      0.00     97.79
                all      0.17      0.00      3.61      0.00      0.00     96.22
end------
                all      0.03      0.00      0.13      0.00      0.00     99.84
                all      0.10      0.00      0.46      0.00      0.00     99.44
                all      0.12      0.00      0.46      0.07      0.00     99.35
start----
                all      0.10      0.00      0.43      0.00      0.00     99.46
                all      0.14      0.00      4.89      0.01      0.00     94.96
                all      0.04      0.00      0.49      0.00      0.00     99.47
end------
                all      0.08      0.00      0.35      0.00      0.00     99.57
                all      0.14      0.00      0.53      0.00      0.00     99.33
                all      0.11      0.00      0.46      0.00      0.00     99.42
start----
                all      0.17      0.00      2.38      0.01      0.00     97.44
                all      0.07      0.00      5.93      0.00      0.00     94.00
                all      0.05      0.00      2.24      0.00      0.00     97.71
end------
                all      0.05      0.00      0.23      0.00      0.00     99.72
                all      0.11      0.00      0.46      0.00      0.00     99.43
                all      0.12      0.00      0.47      0.07      0.00     99.34
start----
                all      0.16      0.00      0.61      0.03      0.00     99.21
                all      0.10      0.00      5.90      0.00      0.00     94.00
                all      0.05      0.00      4.17      0.00      0.00     95.78
end------
                all      0.02      0.00      0.10      0.00      0.00     99.88
                all      0.11      0.00      0.45      0.00      0.00     99.44
                all      0.11      0.00      0.47      0.00      0.00     99.42
start----
                all      0.11      0.00      0.45      0.00      0.00     99.44
                all      0.16      0.00      4.48      0.01      0.00     95.34
                all      0.06      0.00      5.90      0.00      0.00     94.04
                all      0.02      0.00      0.07      0.00      0.00     99.90
end------
                all      0.10      0.00      0.41      0.00      0.00     99.48
                all      0.11      0.00      0.46      0.00      0.00     99.43
                all      0.11      0.00      0.46      0.00      0.00     99.43
start----
                all      0.18      0.00      2.60      0.02      0.00     97.20
                all      0.03      0.00      6.07      0.00      0.00     93.90
                all      0.20      0.00      6.16      0.00      0.00     93.65
                all      0.02      0.00      5.98      0.00      0.00     94.00
                all      0.11      0.00      0.50      0.00      0.00     99.39
end------
                all      0.08      0.00      0.39      0.00      0.00     99.52
                all      0.12      0.00      0.46      0.00      0.00     99.42
                all      0.11      0.00      0.46      0.00      0.00     99.43
start----
                all      0.16      0.00      2.30      0.02      0.00     97.52
                all      0.06      0.00      6.06      0.00      0.00     93.89
                all      0.26      0.00      6.15      0.00      0.00     93.60
                all      0.02      0.00      5.98      0.00      0.00     94.00
                all      0.24      0.00      0.90      0.00      0.00     98.86
end------
                all      0.06      0.00      0.31      0.00      0.00     99.63
                all      0.13      0.00      0.45      0.00      0.00     99.43
                all      0.12      0.00      0.45      0.07      0.00     99.36
start----
                all      0.18      0.00      1.58      0.02      0.00     98.22
                all      0.04      0.00      6.00      0.00      0.00     93.96
                all      0.21      0.00      6.22      0.00      0.00     93.58
                all      0.01      0.00      5.97      0.00      0.00     94.02
                all      0.12      0.00      1.59      0.00      0.00     98.29
end------
                all      0.07      0.00      0.30      0.00      0.00     99.62
                all      0.11      0.00      0.45      0.00      0.00     99.44
                all      0.10      0.00      0.47      0.00      0.00     99.43
start----
                all      0.18      0.00      1.20      0.02      0.00     98.60
                all      0.04      0.00      5.95      0.00      0.00     94.00
                all      0.07      0.00      6.44      0.00      0.00     93.49
                all      0.05      0.00      6.38      0.18      0.00     93.40
                all      0.03      0.00      2.92      3.44      0.00     93.61
                all      1.62      0.00      2.14      2.64      0.00     93.60
                all      1.90      0.00      4.17      0.15      0.00     93.78
                all      0.01      0.00      5.97      0.00      0.00     94.01
                all      0.01      0.00      5.97      0.00      0.00     94.01
                all      0.30      0.00      3.25      0.00      0.00     96.45
end------
                all      0.01      0.00      0.06      0.00      0.00     99.93
                all      0.11      0.00      0.46      0.00      0.00     99.43
                all      0.11      0.00      0.47      0.07      0.00     99.35
                all      0.13      0.00      0.45      0.00      0.00     99.48
start----
                all      0.14      0.00      3.97      0.02      0.00     95.87
                all      0.06      0.00      6.25      0.00      0.00     93.69
                all      0.04      0.00      6.57      0.00      0.00     93.40
                all      0.03      0.00      5.43      1.12      0.00     93.43
                all      0.59      0.00      2.55      3.21      0.00     93.65
                all      0.20      0.00      5.87      0.01      0.00     93.92
                all      0.01      0.00      5.97      0.00      0.00     94.02
                all      0.01      0.00      5.97      0.00      0.00     94.01
                all      0.43      0.00      0.69      0.00      0.00     98.89
end------
                all      0.05      0.00      0.23      0.00      0.00     99.72
                all      0.10      0.00      0.47      0.00      0.00     99.43
                all      0.11      0.00      0.46      0.00      0.00     99.43
start----
                all      0.17      0.00      0.61      0.02      0.00     99.20
                all      0.10      0.00      5.88      0.00      0.00     94.02
                all      0.04      0.00      6.41      0.00      0.00     93.55
                all      0.04      0.00      6.55      0.00      0.00     93.41
                all      0.03      0.00      3.67      2.78      0.00     93.52
                all      1.13      0.00      2.80      2.53      0.00     93.54
                all      0.02      0.00      6.09      0.00      0.00     93.89
                all      0.01      0.00      5.98      0.00      0.00     94.00
                all      0.32      0.00      5.66      0.00      0.00     94.01
                all      0.24      0.00      0.22      0.01      0.00     99.53
end------
                all      0.07      0.00      0.30      0.00      0.00     99.62
                all      0.11      0.00      0.45      0.00      0.00     99.43
                all      0.11      0.00      0.46      0.00      0.00     99.44
start----
                all      0.29      0.00      2.05      0.03      0.00     97.63
                all      0.15      0.00      8.18      0.00      0.00     91.66
end------
                all      0.03      0.00      0.11      0.00      0.00     99.87
                all      0.12      0.00      0.46      0.00      0.00     99.42
                all      0.10      0.00      0.47      0.00      0.00     99.42
                all      0.11      0.00      0.46      0.00      0.00     99.43
start----
                all      0.32      0.00      8.24      0.02      0.00     91.42
                all      0.05      0.00      1.62      0.00      0.00     98.33
end------
                all      0.08      0.00      0.33      0.00      0.00     99.58
                all      0.11      0.00      0.45      0.00      0.00     99.43
                all      0.11      0.00      0.45      0.00      0.00     99.43
start----
                all      0.29      0.00      3.48      0.03      0.00     96.20
                all      0.11      0.00      6.56      0.00      0.00     93.33
end------
                all      0.05      0.00      0.17      0.00      0.00     99.78
                all      0.11      0.00      0.45      0.00      0.00     99.44
                all      0.11      0.00      0.46      0.00      0.00     99.43
start----
                all      0.11      0.00      0.41      0.00      0.00     99.47
                all      0.45      0.00     10.07      0.03      0.00     89.46
                all      0.08      0.00      8.64      0.00      0.00     91.28
end------
                all      0.01      0.00      0.06      0.00      0.00     99.93
                all      0.11      0.00      0.45      0.00      0.00     99.44
                all      0.12      0.00      0.45      0.00      0.00     99.43
                all      0.10      0.00      0.46      0.00      0.00     99.43
start----
                all      0.38      0.00      7.96      0.03      0.00     91.64
                all      0.21      0.00     11.19      0.00      0.00     88.59
                all      0.06      0.00      0.08      0.01      0.00     99.84
end------
                all      0.09      0.00      0.42      0.00      0.00     99.48
                all      0.11      0.00      0.46      0.01      0.00     99.42
                all      0.12      0.00      0.45      0.06      0.00     99.37
start----
                all      0.30      0.00      5.98      0.04      0.00     93.67
                all      0.16      0.00     11.72      0.00      0.00     88.11
                all      0.06      0.00      1.17      0.00      0.00     98.77
end------
                all      0.08      0.00      0.33      0.00      0.00     99.58
                all      0.12      0.00      0.46      0.00      0.00     99.42
                all      0.12      0.00      0.45      0.00      0.00     99.43
start----
                all      0.29      0.00      3.83      0.03      0.00     95.85
                all      0.06      0.00     12.00      0.00      0.00     87.94
                all      0.16      0.00     12.04      0.01      0.00     87.79
                all      0.21      0.00      9.76      0.00      0.00     90.02
end------
                all      0.00      0.00      0.04      0.00      0.00     99.96
                all      0.11      0.00      0.45      0.00      0.00     99.44
                all      0.11      0.00      0.46      0.00      0.00     99.42
                all      0.11      0.00      0.45      0.00      0.00     99.44
start----
                all      0.28      0.00      6.40      0.01      0.00     93.30
                all      0.05      0.00     12.16      0.00      0.00     87.79
                all      0.36      0.00     11.60      0.01      0.00     88.04
                all      0.18      0.00      7.51      0.00      0.00     92.31
end------
                all      0.03      0.00      0.14      0.00      0.00     99.83
                all      0.11      0.00      0.45      0.00      0.00     99.44
                all      0.11      0.00      0.46      0.00      0.00     99.42
start----
                all      0.11      0.00      0.43      0.00      0.00     99.47
                all      0.25      0.00      9.08      0.03      0.00     90.64
                all      0.10      0.00     12.16      0.01      0.00     87.73
                all      0.02      0.00     11.89      0.00      0.00     88.10
                all      0.20      0.00      4.18      0.00      0.00     95.62
end------
                all      0.03      0.00      0.13      0.00      0.00     99.84
                all      0.11      0.00      0.45      0.00      0.00     99.44
                all      0.12      0.00      0.45      0.07      0.00     99.36
start----
                all      0.10      0.00      0.41      0.00      0.00     99.49
                all      0.25      0.00     10.26      0.02      0.00     89.47
                all      0.04      0.00     12.31      0.00      0.00     87.65
                all      0.04      0.00     11.34      1.11      0.00     87.50
                all      1.36      0.00      6.51      4.36      0.00     87.78
                all      0.03      0.00     11.89      0.00      0.00     88.08
                all      0.02      0.00     11.88      0.00      0.00     88.10
                all      0.26      0.00      9.63      0.00      0.00     90.11
                all      0.02      0.00      0.06      0.00      0.00     99.91
end------
                all      0.09      0.00      0.38      0.00      0.00     99.53
                all      0.12      0.00      0.45      0.00      0.00     99.44
                all      0.11      0.00      0.45      0.00      0.00     99.44
start----
                all      0.28      0.00      4.65      0.03      0.00     95.03
                all      0.04      0.00     12.05      0.00      0.00     87.91
                all      0.05      0.00     12.45      0.00      0.00     87.51
                all      0.07      0.00      7.31      5.04      0.00     87.57
                all      1.89      0.00      9.88      0.30      0.00     87.93
                all      0.02      0.00     11.88      0.00      0.00     88.10
                all      0.01      0.00     11.87      0.00      0.00     88.11
                all      0.18      0.00      4.48      0.00      0.00     95.34
end------
                all      0.06      0.00      0.22      0.00      0.00     99.71
                all      0.11      0.00      0.45      0.00      0.00     99.44
                all      0.11      0.00      0.46      0.08      0.00     99.35
start----
                all      0.18      0.00      0.83      0.02      0.00     98.97
                all      0.25      0.00     11.54      0.00      0.00     88.20
                all      0.07      0.00     12.39      0.00      0.00     87.55
                all      0.04      0.00     10.25      2.19      0.00     87.52
                all      1.89      0.00      7.13      3.23      0.00     87.75
                all      0.02      0.00     11.87      0.00      0.00     88.11
                all      0.02      0.00     11.88      0.00      0.00     88.10
                all      0.15      0.00      8.83      0.00      0.00     91.02
                all      0.01      0.00      0.06      0.00      0.00     99.92
end------
                all      0.10      0.00      0.40      0.00      0.00     99.49
                all      0.12      0.00      0.44      0.00      0.00     99.44
                all      0.11      0.00      0.46      0.00      0.00     99.43
start----
                all      0.60      0.00      9.32      0.06      0.00     90.02
                all      0.25      0.00     10.47      0.00      0.00     89.28
end------
                all      0.05      0.00      0.17      0.00      0.00     99.78
                all      0.12      0.00      0.45      0.00      0.00     99.43
                all      0.14      0.00      0.53      0.00      0.00     99.33
start----
                all      0.11      0.00      0.39      0.01      0.00     99.49
                all      0.73      0.00     19.63      0.04      0.00     79.59
                all      0.02      0.00      0.07      0.00      0.00     99.91
end------
                all      0.09      0.00      0.40      0.00      0.00     99.50
                all      0.12      0.00      0.45      0.00      0.00     99.42
                all      0.13      0.00      0.45      0.00      0.00     99.42
start----
                all      0.63      0.00      8.49      0.06      0.00     90.82
                all      0.26      0.00     11.31      0.00      0.00     88.43
end------
                all      0.04      0.00      0.17      0.00      0.00     99.79
                all      0.11      0.00      0.45      0.00      0.00     99.44
                all      0.12      0.00      0.45      0.00      0.00     99.43
start----
                all      0.11      0.00      0.39      0.00      0.00     99.49
                all      0.68      0.00     19.88      0.04      0.00     79.41
                all      0.14      0.00     16.93      0.00      0.00     82.93
end------
                all      0.01      0.00      0.06      0.00      0.00     99.92
                all      0.11      0.00      0.47      0.00      0.00     99.42
                all      0.11      0.00      0.45      0.08      0.00     99.35
                all      0.11      0.00      0.46      0.00      0.00     99.42
start----
                all      0.61      0.00     14.57      0.09      0.00     84.74
                all      0.32      0.00     22.52      0.00      0.00     77.16
                all      0.02      0.00      0.06      0.00      0.00     99.91
end------
                all      0.10      0.00      0.41      0.00      0.00     99.49
                all      0.12      0.00      0.45      0.00      0.00     99.44
                all      0.11      0.00      0.45      0.00      0.00     99.43
start----
                all      0.66      0.00      7.56      0.10      0.00     91.69
                all      0.20      0.00     23.52      0.00      0.00     76.29
                all      0.12      0.00      6.07      0.00      0.00     93.81
end------
                all      0.06      0.00      0.27      0.00      0.00     99.67
                all      0.11      0.00      0.46      0.00      0.00     99.44
                all      0.13      0.00      0.44      0.07      0.00     99.36
start----
                all      0.65      0.00      2.04      0.04      0.00     97.27
                all      0.06      0.00     23.72      0.00      0.00     76.22
                all      0.64      0.00     23.28      0.00      0.00     76.07
                all      0.22      0.00     23.42      0.00      0.00     76.37
                all      0.03      0.00      0.20      0.00      0.00     99.77
end------
                all      0.10      0.00      0.43      0.00      0.00     99.48
                all      0.11      0.00      0.45      0.00      0.00     99.44
                all      0.11      0.00      0.46      0.00      0.00     99.43
start----
                all      0.64      0.00      7.74      0.08      0.00     91.53
                all      0.05      0.00     23.88      0.00      0.00     76.08
                all      0.29      0.00     23.52      0.00      0.00     76.18
                all      0.25      0.00     17.76      0.00      0.00     81.99
end------
                all      0.02      0.00      0.05      0.00      0.00     99.93
                all      0.11      0.00      0.42      0.00      0.00     99.47
                all      0.11      0.00      0.44      0.00      0.00     99.44
                all      0.12      0.00      0.48      0.00      0.00     99.40
start----
                all      0.57      0.00      8.83      0.04      0.00     90.55
                all      0.16      0.00     24.05      0.01      0.00     75.78
                all      0.48      0.00     23.32      0.00      0.00     76.20
                all      0.20      0.00     16.90      0.00      0.00     82.90
end------
                all      0.02      0.00      0.10      0.00      0.00     99.89
                all      0.12      0.00      0.45      0.00      0.00     99.44
                all      0.12      0.00      0.45      0.00      0.00     99.43
                all      0.12      0.00      0.45      0.00      0.00     99.43
start----
                all      0.58      0.00     14.30      0.05      0.00     85.08
                all      0.05      0.00     24.04      0.00      0.00     75.91
                all      0.05      0.00     24.21      0.00      0.00     75.74
                all      1.83      0.00     21.83      0.01      0.00     76.34
                all      0.02      0.00     23.70      0.00      0.00     76.28
                all      0.03      0.00     23.77      0.00      0.00     76.19
                all      0.63      0.00     13.94      0.00      0.00     85.43
end------
                all      0.02      0.00      0.10      0.00      0.00     99.88
                all      0.12      0.00      0.44      0.00      0.00     99.44
                all      0.11      0.00      0.45      0.07      0.00     99.37
start----
                all      0.11      0.00      0.44      0.00      0.00     99.45
                all      0.70      0.00     16.54      0.06      0.00     82.70
                all      0.04      0.00     24.08      0.00      0.00     75.87
                all      0.05      0.00     24.25      0.00      0.00     75.70
                all      0.30      0.00     23.56      0.00      0.00     76.14
                all      0.01      0.00     23.69      0.00      0.00     76.29
                all      0.02      0.00     23.68      0.00      0.00     76.30
                all      0.40      0.00      9.47      0.00      0.00     90.13
end------
                all      0.05      0.00      0.18      0.00      0.00     99.77
                all      0.13      0.00      0.45      0.00      0.00     99.43
                all      0.12      0.00      0.45      0.00      0.00     99.43
start----
                all      0.12      0.00      0.42      0.01      0.00     99.45
                all      0.60      0.00     21.21      0.04      0.00     78.15
                all      0.04      0.00     24.23      0.00      0.00     75.73
                all      0.05      0.00     24.22      0.00      0.00     75.73
                all      0.46      0.00     23.15      0.00      0.00     76.38
                all      0.02      0.00     23.68      0.00      0.00     76.30
                all      0.02      0.00     23.68      0.00      0.00     76.29
                all      0.43      0.00      5.39      0.00      0.00     94.18
end------
                all      0.07      0.00      0.26      0.00      0.00     99.67
                all      0.11      0.00      0.45      0.00      0.00     99.43
                all      0.13      0.00      0.45      0.07      0.00     99.35
start----
                all      0.37      0.00      4.46      0.12      0.00     95.05
                all      2.04      0.00     40.35      0.03      0.00     57.58
                all      0.55      0.00      7.52      0.00      0.00     91.92
end------
                all      0.07      0.00      0.28      0.00      0.00     99.65
                all      0.13      0.00      0.43      0.00      0.00     99.44
                all      0.12      0.00      0.45      0.00      0.00     99.43
start----
                all      0.39      0.00      4.05      0.05      0.00     95.50
                all      1.94      0.00     42.06      0.04      0.00     55.96
                all      0.60      0.00      5.76      0.00      0.00     93.64
end------
                all      0.07      0.00      0.30      0.00      0.00     99.63
                all      0.11      0.00      0.45      0.00      0.00     99.44
                all      0.11      0.00      0.45      0.07      0.00     99.36
start----
                all      0.74      0.00      3.70      0.03      0.00     95.52
                all      1.72      0.00     42.92      0.03      0.00     55.33
                all      0.58      0.00      4.92      0.00      0.00     94.50
end------
                all      0.08      0.00      0.30      0.00      0.00     99.63
                all      0.12      0.00      0.44      0.00      0.00     99.44
                all      0.12      0.00      0.45      0.08      0.00     99.35
start----
                all      0.78      0.00      5.05      0.06      0.00     94.11
                all      1.43      0.00     44.15      0.04      0.00     54.38
                all      0.58      0.00     43.51      0.00      0.00     55.91
                all      0.11      0.00      0.21      0.01      0.00     99.67
end------
                all      0.08      0.00      0.35      0.00      0.00     99.57
                all      0.11      0.00      0.45      0.00      0.00     99.44
                all      0.12      0.00      0.46      0.00      0.00     99.42
start----
                all      1.81      0.00      9.51      0.08      0.00     88.60
                all      0.50      0.00     46.35      0.00      0.00     53.15
                all      0.60      0.00     37.16      0.00      0.00     62.24
                all      0.01      0.00      0.05      0.00      0.00     99.94
end------
                all      0.11      0.00      0.42      0.00      0.00     99.46
                all      0.11      0.00      0.45      0.02      0.00     99.41
                all      0.12      0.00      0.45      0.05      0.00     99.38
start----
                all      1.93      0.00     15.69      0.08      0.00     82.31
                all      0.39      0.00     46.31      0.00      0.00     53.30
                all      0.65      0.00     31.41      0.00      0.00     67.94
end------
                all      0.01      0.00      0.03      0.00      0.00     99.96
                all      0.11      0.00      0.46      0.00      0.00     99.43
                all      0.13      0.00      0.44      0.07      0.00     99.36
                all      0.12      0.00      0.45      0.01      0.00     99.42
start----
                all      1.98      0.00     20.76      0.07      0.00     77.19
                all      0.06      0.00     47.54      0.00      0.00     52.40
                all      0.52      0.00     45.51      0.00      0.00     53.98
                all      0.02      0.00     46.29      0.00      0.00     53.70
                all      1.05      0.00     16.31      0.01      0.00     82.63
end------
                all      0.03      0.00      0.10      0.00      0.00     99.87
                all      0.11      0.00      0.46      0.00      0.00     99.44
                all      0.13      0.00      0.45      0.00      0.00     99.43
start----
                all      0.12      0.00      0.43      0.00      0.00     99.45
                all      1.74      0.00     27.30      0.06      0.00     70.90
                all      0.05      0.00     47.61      0.00      0.00     52.34
                all      0.57      0.00     45.48      0.00      0.00     53.95
                all      0.01      0.00     46.31      0.00      0.00     53.67
                all      0.78      0.00      9.55      0.00      0.00     89.67
end------
                all      0.04      0.00      0.17      0.00      0.00     99.79
                all      0.12      0.00      0.45      0.00      0.00     99.43
                all      0.12      0.00      0.45      0.00      0.00     99.42
start----
                all      0.10      0.00      0.41      0.00      0.00     99.49
                all      1.91      0.00     34.56      0.08      0.00     63.45
                all      0.78      0.00     46.44      0.00      0.00     52.78
                all      0.02      0.00     46.31      0.00      0.00     53.68
                all      0.38      0.00     45.92      0.00      0.00     53.70
                all      0.41      0.00      3.47      0.00      0.00     96.11
end------
                all      0.06      0.00      0.23      0.00      0.00     99.71
                all      0.12      0.00      0.44      0.00      0.00     99.44
                all      0.12      0.00      0.45      0.07      0.00     99.36
start----
                all      0.29      0.00      2.76      0.04      0.00     96.92
                all      1.80      0.00     39.47      0.05      0.00     58.68
                all      0.05      0.00     47.76      0.00      0.00     52.18
                all      0.04      0.00     47.85      0.00      0.00     52.11
                all      1.38      0.00     45.14      0.00      0.00     53.48
                all      0.02      0.00     46.27      0.00      0.00     53.71
                all      0.02      0.00     46.30      0.00      0.00     53.69
                all      0.02      0.00     46.21      0.00      0.00     53.77
                all      0.98      0.00     25.53      0.00      0.00     73.49
                all      0.00      0.00      0.03      0.00      0.00     99.96
end------
                all      0.10      0.00      0.42      0.00      0.00     99.47
                all      0.12      0.00      0.45      0.04      0.00     99.40
                all      0.12      0.00      0.45      0.04      0.00     99.39
start----
                all      1.99      0.00     17.40      0.07      0.00     80.54
                all      0.07      0.00     47.51      0.00      0.00     52.42
                all      0.06      0.00     47.78      0.00      0.00     52.16
                all      1.18      0.00     46.10      0.00      0.00     52.72
                all      0.02      0.00     46.34      0.00      0.00     53.64
                all      0.02      0.00     46.31      0.00      0.00     53.68
                all      0.02      0.00     46.23      0.00      0.00     53.75
                all      0.43      0.00     45.89      0.00      0.00     53.68
                all      0.49      0.00      3.30      0.00      0.00     96.20
end------
                all      0.05      0.00      0.20      0.00      0.00     99.74
                all      0.13      0.00      0.43      0.00      0.00     99.44
                all      0.13      0.00      0.45      0.07      0.00     99.35
start----
                all      0.19      0.00      1.42      0.09      0.00     98.29
                all      1.75      0.00     39.44      0.04      0.00     58.78
                all      0.05      0.00     47.75      0.00      0.00     52.21
                all      0.06      0.00     47.83      0.00      0.00     52.12
                all      1.37      0.00     45.50      0.00      0.00     53.13
                all      0.05      0.00     46.42      0.00      0.00     53.53
                all      0.02      0.00     46.28      0.00      0.00     53.71
                all      0.02      0.00     46.23      0.00      0.00     53.75
                all      0.63      0.00     28.12      0.00      0.00     71.25
                all      0.01      0.00      0.07      0.00      0.00     99.92
end------
                all      0.10      0.00      0.40      0.00      0.00     99.50
                all      0.12      0.00      0.45      0.02      0.00     99.41
                all      0.12      0.00      0.45      0.05      0.00     99.38
start----
                all      2.97      0.00     15.46      0.08      0.00     81.49
                all      7.24      0.00     76.24      0.04      0.00     16.48
                all      6.72      0.00     73.88      0.00      0.00     19.40
                all      0.03      0.00      1.19      0.00      0.00     98.79
end------
                all      0.07      0.00      0.28      0.00      0.00     99.65
                all      0.13      0.00      0.43      0.00      0.00     99.44
                all      0.13      0.00      0.45      0.00      0.00     99.42
start----
                all      0.57      0.00      8.53      0.06      0.00     90.84
                all      7.62      0.00     56.20      0.10      0.00     36.07
                all      5.50      0.00     83.39      0.00      0.00     11.11
                all      2.59      0.00     14.51      0.01      0.00     82.89
end------
                all      0.03      0.00      0.14      0.00      0.00     99.83
                all      0.12      0.00      0.44      0.00      0.00     99.44
                all      0.13      0.00      0.44      0.00      0.00     99.43
start----
                all      0.12      0.00      0.41      0.00      0.00     99.47
                all      6.96      0.00     35.52      0.25      0.00     57.27
                all      7.39      0.00     80.06      0.00      0.00     12.65
                all      5.23      0.00     40.87      0.00      0.00     53.89
end------
                all      0.01      0.00      0.05      0.00      0.00     99.93
                all      0.10      0.00      0.43      0.00      0.00     99.46
                all      0.13      0.00      0.44      0.00      0.00     99.44
                all      0.12      0.00      0.45      0.00      0.00     99.43
start----
                all      2.67      0.00     13.23      0.11      0.00     83.99
                all      5.03      0.00     82.23      0.03      0.00     12.70
                all      2.65      0.00     88.01      0.00      0.00      9.34
                all      4.20      0.00     83.37      0.00      0.00     12.43
                all      1.61      0.00     14.22      0.00      0.00     84.17
end------
                all      0.03      0.00      0.12      0.00      0.00     99.85
                all      0.12      0.00      0.45      0.00      0.00     99.43
                all      0.12      0.00      0.44      0.00      0.00     99.44
start----
                all      0.11      0.00      0.41      0.00      0.00     99.48
                all      6.92      0.00     37.77      0.29      0.00     55.02
                all      2.16      0.00     88.40      0.00      0.00      9.55
                all      3.96      0.00     83.42      0.00      0.00     12.62
                all      6.16      0.00     65.51      0.00      0.00     28.33
                all      0.03      0.00      0.15      0.00      0.00     99.82
end------
                all      0.07      0.00      0.27      0.00      0.00     99.65
                all      0.13      0.00      0.44      0.00      0.00     99.43
                all      0.13      0.00      0.44      0.00      0.00     99.43
start----
                all      0.44      0.00      5.14      0.02      0.00     94.41
                all      7.72      0.00     55.20      0.11      0.00     36.96
                all      2.21      0.00     90.54      0.00      0.00      7.25
                all      0.04      0.00     87.32      0.00      0.00     12.64
                all      4.77      0.00     35.13      0.00      0.00     60.09
                all      0.02      0.00      0.07      0.00      0.00     99.90
end------
                all      0.09      0.00      0.35      0.00      0.00     99.56
                all      0.14      0.00      0.44      0.00      0.00     99.42
                all      0.14      0.00      0.43      0.07      0.00     99.35
start----
                all      0.98      0.00     11.69      0.05      0.00     87.28
                all      7.81      0.00     68.70      0.09      0.00     23.40
                all      0.05      0.00     94.58      0.00      0.00      5.37
                all      2.91      0.00     89.57      0.00      0.00      7.51
                all      0.07      0.00     87.46      0.02      0.00     12.45
                all      0.13      0.00     87.82      0.00      0.00     12.05
                all      6.54      0.00     72.26      0.01      0.00     21.19
                all      0.03      0.00      1.02      0.00      0.00     98.95
end------
                all      0.05      0.00      0.20      0.00      0.00     99.75
                all      0.13      0.00      0.44      0.00      0.00     99.43
                all      0.11      0.00      0.45      0.00      0.00     99.44
start----
                all      0.13      0.00      0.38      0.01      0.00     99.48
                all      8.38      0.00     43.28      0.12      0.00     48.22
                all      0.06      0.00     94.46      0.00      0.00      5.49
                all      1.41      0.00     93.39      0.00      0.00      5.20
                all      1.82      0.00     82.83      0.00      0.00     15.35
                all      0.04      0.00     87.24      0.00      0.00     12.72
                all      1.73      0.00     85.89      0.00      0.00     12.39
                all      3.62      0.00     17.11      0.00      0.00     79.27
end------
                all      0.03      0.00      0.13      0.00      0.00     99.84
                all      0.13      0.00      0.42      0.00      0.00     99.44
                all      0.12      0.00      0.45      0.07      0.00     99.37
start----
                all      0.12      0.00      0.41      0.00      0.00     99.47
                all      8.30      0.00     35.55      0.30      0.00     55.85
                all      0.73      0.00     90.59      0.00      0.00      8.81
                all      0.13      0.00     94.39      0.00      0.00      5.48
                all      6.00      0.00     81.59      0.00      0.00     12.41
                all      0.04      0.00     87.21      0.00      0.00     12.74
                all      0.05      0.00     87.10      0.00      0.00     12.84
                all      5.44      0.00     25.44      0.00      0.00     69.12
end------
                all      0.02      0.00      0.08      0.00      0.00     99.90
                all      0.13      0.00      0.43      0.00      0.00     99.44
                all      0.14      0.00      0.44      0.00      0.00     99.42
                all      0.14      0.00      0.43      0.00      0.00     99.43
start----
                all      2.67      0.00     24.55      0.11      0.00     72.67
                all      5.46      0.00     85.53      0.06      0.00      8.96
                all      0.05      0.00     94.69      0.00      0.00      5.26
                all      0.04      0.00     94.83      0.00      0.00      5.13
                all      0.06      0.00     94.87      0.00      0.00      5.08
                all      3.15      0.00     85.03      0.00      0.00     11.82
                all      0.04      0.00     87.21      0.00      0.00     12.75
                all      0.04      0.00     87.27      0.00      0.00     12.69
                all      0.04      0.00     87.19      0.00      0.00     12.77
                all      0.04      0.00     87.27      0.00      0.00     12.68
                all      0.04      0.00     87.10      0.00      0.00     12.87
                all      7.81      0.00     49.07      0.00      0.00     43.13
                all      0.03      0.00      0.09      0.00      0.00     99.88
end------
                all      0.09      0.00      0.27      0.00      0.00     99.64
                all      0.17      0.00      0.42      0.00      0.00     99.41
                all      0.13      0.00      0.44      0.00      0.00     99.43
start----
                all      0.61      0.00      8.57      0.05      0.00     90.77
                all      7.30      0.00     56.89      0.12      0.00     35.69
                all      0.05      0.00     94.53      0.00      0.00      5.42
                all      0.05      0.00     94.81      0.00      0.00      5.14
                all      0.05      0.00     94.81      0.00      0.00      5.14
                all      3.07      0.00     90.36      0.00      0.00      6.57
                all      0.06      0.00     87.44      0.00      0.00     12.50
                all      0.04      0.00     87.16      0.00      0.00     12.81
                all      0.05      0.00     87.30      0.00      0.00     12.65
                all      0.04      0.00     87.35      0.00      0.00     12.61
                all      0.05      0.00     87.17      0.00      0.00     12.78
                all      5.96      0.00     81.86      0.00      0.00     12.18
                all      1.39      0.00     12.76      0.01      0.00     85.84
end------
                all      0.02      0.00      0.06      0.00      0.00     99.92
                all      0.13      0.00      0.43      0.00      0.00     99.44
                all      0.15      0.00      0.50      0.00      0.00     99.35
                all      0.14      0.00      0.46      0.00      0.00     99.40
start----
                all      3.94      0.00     27.04      0.11      0.00     68.91
                all      4.19      0.00     86.50      0.08      0.00      9.23
                all      0.05      0.00     94.69      0.00      0.00      5.25
                all      0.05      0.00     94.85      0.00      0.00      5.10
                all      0.05      0.00     94.85      0.00      0.00      5.10
                all      3.27      0.00     86.22      0.00      0.00     10.52
                all      0.05      0.00     87.30      0.00      0.00     12.65
                all      0.04      0.00     87.33      0.00      0.00     12.63
                all      0.04      0.00     87.29      0.00      0.00     12.67
                all      0.04      0.00     87.26      0.00      0.00     12.70
                all      0.04      0.00     87.22      0.00      0.00     12.73
                all      6.09      0.00     43.17      0.00      0.00     50.75
                all      0.03      0.00      0.07      0.00      0.00     99.90
end------
                all      0.11      0.00      0.35      0.00      0.00     99.54
                all      0.14      0.00      0.43      0.00      0.00     99.43
                all      0.14      0.00      0.43      0.00      0.00     99.43
End of data collecting unexpected
