
Linux 5.2.8200225+ (knl03.kisti.re.kr) 	2020년 04월 04일 	_x86_64_	(272 CPU)

                CPU     %user     %nice   %system   %iowait    %steal     %idle
                all      0.03      0.00      0.10      0.00      0.00     99.87
                all      0.03      0.00      0.08      0.15      0.00     99.75
                all      0.01      0.00      0.07      0.37      0.00     99.55
                all      0.02      0.00      0.08      0.37      0.00     99.53
                all      0.28      0.00      0.15      0.41      0.00     99.17
                all      0.39      0.00      0.17      0.25      0.00     99.19
                all      0.03      0.00      0.10      0.04      0.00     99.83
                all      0.03      0.00      0.12      0.00      0.00     99.85
                all      0.09      0.00      0.17      0.07      0.00     99.67
                all      0.01      0.00      0.23      0.01      0.00     99.75
                all      0.01      0.00      0.07      0.00      0.00     99.91
                all      0.02      0.00      0.07      0.00      0.00     99.91
start----
                all      0.02      0.00      0.08      0.00      0.00     99.90
                all      0.09      0.00      2.51      0.02      0.00     97.37
                all      0.04      0.00      1.09      0.00      0.00     98.86
                all      0.01      0.00      0.08      0.00      0.00     99.91
                all      0.01      0.00      0.07      0.00      0.00     99.92
                all      0.01      0.00      0.07      0.07      0.00     99.84
                all      0.06      0.00      0.39      0.02      0.00     99.52
                all      0.06      0.00      2.99      0.00      0.00     96.95
                all      0.04      0.00      0.21      0.00      0.00     99.75
end------
                all      0.09      0.00      0.38      0.00      0.00     99.53
                all      0.11      0.00      0.46      0.00      0.00     99.43
                all      0.12      0.00      0.47      0.07      0.00     99.34
start----
                all      0.11      0.00      1.38      0.02      0.00     98.50
                all      0.07      0.00      2.27      0.00      0.00     97.67
end------
                all      0.01      0.00      0.07      0.00      0.00     99.92
                all      0.11      0.00      0.46      0.00      0.00     99.43
                all      0.12      0.00      0.45      0.07      0.00     99.36
                all      0.11      0.00      0.47      0.00      0.00     99.42
start----
                all      0.10      0.00      2.16      0.02      0.00     97.72
                all      0.05      0.00      2.98      0.00      0.00     96.96
                all      0.04      0.00      1.79      0.01      0.00     98.16
end------
                all      0.03      0.00      0.15      0.00      0.00     99.82
                all      0.11      0.00      0.46      0.00      0.00     99.43
                all      0.10      0.00      0.47      0.00      0.00     99.43
start----
                all      0.11      0.00      0.42      0.00      0.00     99.46
                all      0.08      0.00      2.59      0.01      0.00     97.31
                all      0.05      0.00      2.99      0.00      0.00     96.96
                all      0.05      0.00      1.22      0.00      0.00     98.72
end------
                all      0.03      0.00      0.15      0.00      0.00     99.82
                all      0.11      0.00      0.47      0.00      0.00     99.42
                all      0.12      0.00      0.45      0.00      0.00     99.43
start----
                all      0.11      0.00      0.42      0.00      0.00     99.46
                all      0.08      0.00      2.62      0.02      0.00     97.28
                all      0.05      0.00      2.99      0.00      0.00     96.96
                all      0.06      0.00      1.23      0.01      0.00     98.71
end------
                all      0.03      0.00      0.17      0.00      0.00     99.80
                all      0.11      0.00      0.46      0.00      0.00     99.43
                all      0.11      0.00      0.46      0.00      0.00     99.43
start----
                all      0.10      0.00      0.41      0.00      0.00     99.48
                all      0.09      0.00      2.59      0.01      0.00     97.31
                all      0.04      0.00      3.06      0.00      0.00     96.90
                all      0.03      0.00      3.51      0.01      0.00     96.45
                all      0.08      0.00      3.09      0.00      0.00     96.83
                all      0.08      0.00      2.24      0.00      0.00     97.68
end------
                all      0.02      0.00      0.08      0.00      0.00     99.90
                all      0.11      0.00      0.46      0.00      0.00     99.43
                all      0.11      0.00      0.46      0.07      0.00     99.36
                all      0.11      0.00      0.45      0.00      0.00     99.44
start----
                all      0.08      0.00      2.19      0.02      0.00     97.70
                all      0.03      0.00      3.03      0.00      0.00     96.95
                all      0.03      0.00      3.58      0.00      0.00     96.39
                all      0.09      0.00      3.20      0.00      0.00     96.72
                all      0.14      0.00      2.49      0.00      0.00     97.38
end------
                all      0.00      0.00      0.03      0.01      0.00     99.96
                all      0.10      0.00      0.45      0.00      0.00     99.45
                all      0.12      0.00      0.46      0.00      0.00     99.42
                all      0.12      0.00      0.45      0.00      0.00     99.43
start----
                all      0.11      0.00      1.87      0.02      0.00     98.01
                all      0.03      0.00      3.00      0.00      0.00     96.96
                all      0.03      0.00      3.48      0.00      0.00     96.49
                all      0.21      0.00      3.10      0.00      0.00     96.68
                all      0.05      0.00      2.99      0.00      0.00     96.96
                all      0.11      0.00      0.12      0.00      0.00     99.77
end------
                all      0.07      0.00      0.31      0.00      0.00     99.61
                all      0.13      0.00      0.45      0.00      0.00     99.42
                all      0.12      0.00      0.45      0.00      0.00     99.43
start----
                all      0.12      0.00      0.90      0.03      0.00     98.95
                all      0.03      0.00      3.02      0.00      0.00     96.95
                all      0.03      0.00      3.24      0.00      0.00     96.74
                all      0.03      0.00      3.47      0.00      0.00     96.49
                all      0.04      0.00      3.47      0.01      0.00     96.49
                all      0.03      0.00      3.54      0.01      0.00     96.42
                all      0.03      0.00      2.64      0.81      0.00     96.53
                all      0.27      0.00      2.15      0.87      0.00     96.71
                all      0.02      0.00      3.07      0.08      0.00     96.83
                all      0.02      0.00      3.02      0.00      0.00     96.96
                all      0.46      0.00      1.79      0.00      0.00     97.75
end------
                all      0.01      0.00      0.07      0.00      0.00     99.91
                all      0.12      0.00      0.45      0.00      0.00     99.43
                all      0.13      0.00      0.44      0.07      0.00     99.37
                all      0.12      0.00      0.45      0.00      0.00     99.43
start----
                all      0.07      0.00      2.21      0.02      0.00     97.70
                all      0.03      0.00      3.01      0.00      0.00     96.96
                all      0.03      0.00      3.45      0.00      0.00     96.52
                all      0.03      0.00      3.48      0.00      0.00     96.49
                all      0.03      0.00      3.48      0.01      0.00     96.48
                all      0.03      0.00      3.33      0.20      0.00     96.45
                all      0.04      0.00      1.92      1.51      0.00     96.54
                all      0.41      0.00      2.67      0.09      0.00     96.83
                all      0.01      0.00      3.01      0.00      0.00     96.97
                all      0.01      0.00      3.02      0.00      0.00     96.96
                all      0.40      0.00      0.57      0.00      0.00     99.03
end------
                all      0.07      0.00      0.30      0.00      0.00     99.64
                all      0.12      0.00      0.45      0.00      0.00     99.43
                all      0.11      0.00      0.46      0.00      0.00     99.43
start----
                all      0.13      0.00      0.75      0.03      0.00     99.10
                all      0.03      0.00      3.01      0.00      0.00     96.96
                all      0.03      0.00      3.15      0.00      0.00     96.82
                all      0.03      0.00      3.49      0.00      0.00     96.47
                all      0.03      0.00      3.50      0.00      0.00     96.47
                all      0.04      0.00      3.46      0.00      0.00     96.50
                all      0.03      0.00      2.76      0.69      0.00     96.52
                all      0.29      0.00      2.30      0.74      0.00     96.67
                all      0.04      0.00      3.12      0.00      0.00     96.84
                all      0.01      0.00      3.02      0.00      0.00     96.97
                all      0.28      0.00      1.79      0.01      0.00     97.93
                all      0.01      0.00      0.05      0.00      0.00     99.94
end------
                all      0.10      0.00      0.42      0.00      0.00     99.48
                all      0.11      0.00      0.47      0.04      0.00     99.38
                all      0.11      0.00      0.45      0.03      0.00     99.40
start----
                all      0.38      0.00      3.11      0.02      0.00     96.49
                all      0.30      0.00      2.51      0.00      0.00     97.19
end------
                all      0.04      0.00      0.18      0.00      0.00     99.78
                all      0.10      0.00      0.46      0.00      0.00     99.44
                all      0.11      0.00      0.46      0.00      0.00     99.43
start----
                all      0.11      0.00      0.41      0.01      0.00     99.48
                all      0.17      0.00      5.05      0.01      0.00     94.76
end------
                all      0.01      0.00      0.04      0.00      0.00     99.95
                all      0.10      0.00      0.47      0.00      0.00     99.43
                all      0.12      0.00      0.45      0.00      0.00     99.43
                all      0.11      0.00      0.45      0.00      0.00     99.44
start----
                all      0.21      0.00      3.37      0.01      0.00     96.41
                all      0.04      0.00      1.90      0.00      0.00     98.05
end------
                all      0.06      0.00      0.24      0.00      0.00     99.70
                all      0.12      0.00      0.45      0.00      0.00     99.43
                all      0.10      0.00      0.46      0.07      0.00     99.36
start----
                all      0.20      0.00      0.97      0.03      0.00     98.80
                all      0.08      0.00      5.92      0.00      0.00     94.00
                all      0.04      0.00      3.28      0.01      0.00     96.67
end------
                all      0.15      0.00      0.35      0.01      0.00     99.49
                all      0.11      0.00      0.46      0.00      0.00     99.43
                all      0.12      0.00      0.46      0.00      0.00     99.42
start----
                all      0.11      0.00      0.41      0.00      0.00     99.48
                all      0.13      0.00      5.31      0.01      0.00     94.55
                all      0.08      0.00      4.53      0.00      0.00     95.39
end------
                all      0.01      0.00      0.06      0.00      0.00     99.93
                all      0.11      0.00      0.45      0.00      0.00     99.44
                all      0.10      0.00      0.46      0.00      0.00     99.44
                all      0.11      0.00      0.45      0.00      0.00     99.44
start----
                all      0.13      0.00      4.10      0.02      0.00     95.76
                all      0.08      0.00      5.86      0.00      0.00     94.06
                all      0.02      0.00      0.07      0.00      0.00     99.91
end------
                all      0.09      0.00      0.38      0.00      0.00     99.53
                all      0.11      0.00      0.45      0.00      0.00     99.43
                all      0.11      0.00      0.46      0.00      0.00     99.43
start----
                all      0.15      0.00      2.79      0.03      0.00     97.03
                all      0.05      0.00      6.10      0.00      0.00     93.85
                all      0.20      0.00      6.03      0.01      0.00     93.76
                all      0.13      0.00      5.34      0.00      0.00     94.54
                all      0.03      0.00      0.06      0.00      0.00     99.91
end------
                all      0.08      0.00      0.34      0.00      0.00     99.58
                all      0.11      0.00      0.46      0.00      0.00     99.43
                all      0.12      0.00      0.45      0.07      0.00     99.35
start----
                all      0.17      0.00      2.20      0.02      0.00     97.61
                all      0.04      0.00      6.06      0.00      0.00     93.90
                all      0.33      0.00      6.00      0.00      0.00     93.66
                all      0.03      0.00      5.96      0.00      0.00     94.01
                all      0.14      0.00      0.29      0.00      0.00     99.57
end------
                all      0.07      0.00      0.29      0.00      0.00     99.64
                all      0.11      0.00      0.46      0.00      0.00     99.43
                all      0.10      0.00      0.46      0.07      0.00     99.36
start----
                all      0.17      0.00      1.48      0.02      0.00     98.33
                all      0.04      0.00      6.01      0.00      0.00     93.95
                all      0.28      0.00      6.14      0.00      0.00     93.58
                all      0.03      0.00      6.02      0.00      0.00     93.96
                all      0.17      0.00      0.90      0.01      0.00     98.91
end------
                all      0.08      0.00      0.31      0.00      0.00     99.61
                all      0.10      0.00      0.46      0.00      0.00     99.44
                all      0.11      0.00      0.46      0.00      0.00     99.43
start----
                all      0.17      0.00      1.60      0.03      0.00     98.20
                all      0.04      0.00      6.02      0.00      0.00     93.94
                all      0.04      0.00      6.53      0.00      0.00     93.43
                all      0.04      0.00      5.42      1.04      0.00     93.50
                all      0.03      0.00      2.56      3.91      0.00     93.51
                all      1.33      0.00      4.01      0.89      0.00     93.76
                all      0.02      0.00      6.00      0.00      0.00     93.98
                all      0.02      0.00      5.97      0.00      0.00     94.02
                all      0.50      0.00      3.50      0.00      0.00     96.00
end------
                all      0.01      0.00      0.05      0.00      0.00     99.93
                all      0.11      0.00      0.46      0.00      0.00     99.43
                all      0.11      0.00      0.45      0.00      0.00     99.44
                all      0.11      0.00      0.47      0.00      0.00     99.42
start----
                all      0.15      0.00      3.53      0.03      0.00     96.30
                all      0.05      0.00      6.15      0.00      0.00     93.81
                all      0.05      0.00      6.54      0.00      0.00     93.41
                all      0.03      0.00      3.95      2.46      0.00     93.56
                all      0.40      0.00      2.29      3.74      0.00     93.57
                all      3.77      0.00      2.34      0.37      0.00     93.52
                all      0.02      0.00      6.01      0.00      0.00     93.97
                all      0.01      0.00      5.97      0.00      0.00     94.02
                all      0.03      0.00      5.96      0.00      0.00     94.01
                all      0.30      0.00      0.34      0.01      0.00     99.35
end------
                all      0.07      0.00      0.27      0.00      0.00     99.66
                all      0.12      0.00      0.45      0.00      0.00     99.43
                all      0.11      0.00      0.46      0.00      0.00     99.43
start----
                all      0.20      0.00      1.17      0.02      0.00     98.61
                all      0.05      0.00      5.98      0.00      0.00     93.97
                all      0.04      0.00      6.50      0.00      0.00     93.45
                all      0.05      0.00      6.09      0.44      0.00     93.42
                all      0.18      0.00      2.88      3.33      0.00     93.60
                all      0.74      0.00      5.23      0.14      0.00     93.88
                all      0.02      0.00      5.99      0.00      0.00     93.99
                all      0.01      0.00      5.97      0.00      0.00     94.01
                all      0.37      0.00      1.80      0.00      0.00     97.83
end------
                all      0.06      0.00      0.25      0.00      0.00     99.69
                all      0.11      0.00      0.46      0.00      0.00     99.43
                all      0.11      0.00      0.45      0.00      0.00     99.43
start----
                all      0.30      0.00      1.22      0.02      0.00     98.46
                all      0.11      0.00      8.28      0.00      0.00     91.61
end------
                all      0.02      0.00      0.07      0.00      0.00     99.91
                all      0.12      0.00      0.45      0.00      0.00     99.43
                all      0.10      0.00      0.48      0.06      0.00     99.36
                all      0.12      0.00      0.45      0.00      0.00     99.43
start----
                all      0.30      0.00      8.22      0.02      0.00     91.46
                all      0.06      0.00      0.90      0.00      0.00     99.05
end------
                all      0.08      0.00      0.34      0.00      0.00     99.58
                all      0.11      0.00      0.46      0.00      0.00     99.43
                all      0.11      0.00      0.45      0.07      0.00     99.36
start----
                all      0.28      0.00      4.21      0.03      0.00     95.48
                all      0.16      0.00      5.27      0.01      0.00     94.56
end------
                all      0.04      0.00      0.19      0.00      0.00     99.77
                all      0.13      0.00      0.46      0.00      0.00     99.42
                all      0.11      0.00      0.46      0.07      0.00     99.36
start----
                all      0.10      0.00      0.43      0.01      0.00     99.47
                all      0.49      0.00     11.07      0.02      0.00     88.42
                all      0.07      0.00      6.43      0.00      0.00     93.51
end------
                all      0.03      0.00      0.14      0.00      0.00     99.83
                all      0.11      0.00      0.46      0.00      0.00     99.43
                all      0.11      0.00      0.46      0.07      0.00     99.36
start----
                all      0.10      0.00      0.41      0.00      0.00     99.48
                all      0.31      0.00      9.97      0.02      0.00     89.70
                all      0.07      0.00      7.59      0.00      0.00     92.34
end------
                all      0.02      0.00      0.10      0.00      0.00     99.87
                all      0.10      0.00      0.46      0.00      0.00     99.44
                all      0.11      0.00      0.45      0.00      0.00     99.44
start----
                all      0.11      0.00      0.44      0.00      0.00     99.45
                all      0.38      0.00      8.89      0.02      0.00     90.71
                all      0.07      0.00      8.64      0.00      0.00     91.29
end------
                all      0.01      0.00      0.07      0.00      0.00     99.92
                all      0.11      0.00      0.45      0.00      0.00     99.44
                all      0.11      0.00      0.46      0.07      0.00     99.36
                all      0.13      0.00      0.45      0.00      0.00     99.42
start----
                all      0.27      0.00      8.09      0.03      0.00     91.61
                all      0.54      0.00     11.70      0.02      0.00     87.75
                all      0.02      0.00     11.87      0.00      0.00     88.11
                all      0.21      0.00      3.06      0.00      0.00     96.73
end------
                all      0.07      0.00      0.30      0.00      0.00     99.64
                all      0.13      0.00      0.45      0.00      0.00     99.42
                all      0.11      0.00      0.45      0.00      0.00     99.44
start----
                all      0.30      0.00      1.83      0.03      0.00     97.84
                all      0.06      0.00     12.01      0.00      0.00     87.94
                all      0.51      0.00     11.57      0.01      0.00     87.91
                all      0.21      0.00      9.74      0.00      0.00     90.05
                all      0.03      0.00      0.06      0.00      0.00     99.92
end------
                all      0.09      0.00      0.39      0.00      0.00     99.53
                all      0.11      0.00      0.45      0.00      0.00     99.44
                all      0.11      0.00      0.46      0.00      0.00     99.44
start----
                all      0.27      0.00      4.76      0.02      0.00     94.96
                all      0.45      0.00     11.75      0.00      0.00     87.80
                all      0.01      0.00     11.92      0.00      0.00     88.06
                all      0.32      0.00      6.43      0.00      0.00     93.25
end------
                all      0.02      0.00      0.07      0.00      0.00     99.91
                all      0.11      0.00      0.45      0.00      0.00     99.44
                all      0.12      0.00      0.45      0.00      0.00     99.43
                all      0.11      0.00      0.45      0.00      0.00     99.44
start----
                all      0.28      0.00      7.83      0.03      0.00     91.86
                all      0.06      0.00     12.28      0.00      0.00     87.66
                all      0.05      0.00      9.78      2.56      0.00     87.61
                all      0.65      0.00      9.95      1.46      0.00     87.94
                all      0.01      0.00     11.88      0.00      0.00     88.11
                all      0.01      0.00     11.88      0.00      0.00     88.10
                all      0.20      0.00      4.67      0.00      0.00     95.13
end------
                all      0.05      0.00      0.19      0.00      0.00     99.76
                all      0.11      0.00      0.45      0.00      0.00     99.43
                all      0.11      0.00      0.46      0.07      0.00     99.35
start----
                all      0.13      0.00      0.79      0.03      0.00     99.06
                all      0.25      0.00     11.39      0.00      0.00     88.36
                all      0.06      0.00     12.40      0.00      0.00     87.54
                all      1.35      0.00      7.00      4.00      0.00     87.65
                all      0.83      0.00     11.18      0.03      0.00     87.96
                all      0.01      0.00     11.88      0.00      0.00     88.11
                all      0.03      0.00     11.89      0.00      0.00     88.09
                all      0.37      0.00      2.92      0.00      0.00     96.71
end------
                all      0.06      0.00      0.24      0.00      0.00     99.70
                all      0.14      0.00      0.52      0.00      0.00     99.34
                all      0.12      0.00      0.45      0.00      0.00     99.43
start----
                all      0.31      0.00      1.74      0.03      0.00     97.92
                all      0.05      0.00     12.02      0.00      0.00     87.93
                all      0.06      0.00     12.38      0.00      0.00     87.56
                all      1.76      0.00      6.58      4.04      0.00     87.62
                all      0.02      0.00     11.93      0.00      0.00     88.05
                all      0.02      0.00     11.89      0.00      0.00     88.10
                all      0.03      0.00     11.87      0.00      0.00     88.10
                all      0.37      0.00      0.67      0.01      0.00     98.95
end------
                all      0.09      0.00      0.36      0.00      0.00     99.55
                all      0.11      0.00      0.45      0.00      0.00     99.44
                all      0.11      0.00      0.46      0.00      0.00     99.43
start----
                all      0.61      0.00      6.49      0.03      0.00     92.86
                all      0.35      0.00     12.40      0.06      0.00     87.20
end------
                all      0.03      0.00      0.09      0.00      0.00     99.88
                all      0.11      0.00      0.45      0.00      0.00     99.44
                all      0.12      0.00      0.45      0.07      0.00     99.35
start----
                all      0.12      0.00      0.43      0.00      0.00     99.45
                all      0.64      0.00     16.27      0.04      0.00     83.04
                all      0.13      0.00      2.56      0.00      0.00     97.31
end------
                all      0.08      0.00      0.29      0.00      0.00     99.63
                all      0.13      0.00      0.44      0.00      0.00     99.43
                all      0.14      0.00      0.44      0.07      0.00     99.35
start----
                all      0.74      0.00      5.20      0.09      0.00     93.97
                all      0.37      0.00     14.43      0.01      0.00     85.19
end------
                all      0.04      0.00      0.14      0.00      0.00     99.83
                all      0.17      0.00      0.56      0.01      0.00     99.25
                all      0.24      0.00      0.63      0.01      0.00     99.12
start----
                all      0.12      0.00      0.45      0.02      0.00     99.41
                all      0.79      0.00     17.02      0.11      0.00     82.09
                all      0.14      0.00     18.46      0.01      0.00     81.39
end------
                all      0.01      0.00      0.10      0.01      0.00     99.87
                all      0.12      0.00      0.48      0.01      0.00     99.39
                all      0.12      0.00      0.49      0.01      0.00     99.38
                all      0.12      0.00      0.45      0.00      0.00     99.42
start----
                all      0.61      0.00      9.26      0.05      0.00     90.08
                all      0.17      0.00     23.60      0.01      0.00     76.22
                all      0.17      0.00      2.70      0.11      0.00     97.01
end------
                all      0.09      0.00      0.37      0.02      0.00     99.53
                all      0.13      0.00      0.45      0.00      0.00     99.42
                all      0.13      0.00      0.46      0.00      0.00     99.41
start----
                all      0.65      0.00      3.17      0.07      0.00     96.11
                all      0.15      0.00     23.56      0.00      0.00     76.29
                all      0.13      0.00      8.68      0.04      0.00     91.16
end------
                all      0.06      0.00      0.26      0.01      0.00     99.68
                all      0.13      0.00      0.54      0.03      0.00     99.30
                all      0.14      0.00      0.55      0.03      0.00     99.28
start----
                all      0.12      0.00      0.42      0.00      0.00     99.46
                all      0.58      0.00     21.34      0.03      0.00     78.04
                all      0.35      0.00     23.61      0.03      0.00     76.00
                all      0.29      0.00     23.27      0.01      0.00     76.43
                all      0.03      0.00      0.14      0.01      0.00     99.82
end------
                all      0.11      0.00      0.38      0.00      0.00     99.51
                all      0.19      0.00      0.50      0.01      0.00     99.30
                all      0.13      0.00      0.59      0.05      0.00     99.22
start----
                all      0.61      0.00      6.59      0.04      0.00     92.76
                all      0.07      0.00     23.96      0.00      0.00     75.98
                all      0.29      0.00     23.37      0.01      0.00     76.33
                all      0.31      0.00     14.88      0.04      0.00     84.77
end------
                all      0.05      0.00      0.17      0.00      0.00     99.78
                all      0.13      0.00      0.46      0.00      0.00     99.41
                all      0.16      0.00      0.51      0.01      0.00     99.32
                all      0.12      0.00      0.45      0.00      0.00     99.42
start----
                all      0.64      0.00     14.62      0.04      0.00     84.70
                all      0.64      0.00     23.38      0.00      0.00     75.98
                all      0.02      0.00     23.70      0.00      0.00     76.28
                all      0.19      0.00      6.82      0.00      0.00     92.98
end------
                all      0.05      0.00      0.19      0.00      0.00     99.76
                all      0.13      0.00      0.44      0.00      0.00     99.43
                all      0.12      0.00      0.45      0.00      0.00     99.43
start----
                all      0.11      0.00      0.41      0.00      0.00     99.48
                all      0.56      0.00     18.86      0.04      0.00     80.53
                all      0.05      0.00     24.19      0.00      0.00     75.76
                all      2.77      0.00     21.47      0.00      0.00     75.75
                all      0.02      0.00     23.76      0.00      0.00     76.22
                all      0.01      0.00     23.69      0.00      0.00     76.30
                all      0.03      0.00     23.70      0.00      0.00     76.27
                all      0.46      0.00      1.01      0.00      0.00     98.52
end------
                all      0.09      0.00      0.38      0.00      0.00     99.52
                all      0.13      0.00      0.44      0.00      0.00     99.43
                all      0.13      0.00      0.44      0.00      0.00     99.43
start----
                all      0.62      0.00      6.46      0.06      0.00     92.86
                all      0.06      0.00     23.93      0.00      0.00     76.01
                all      0.05      0.00     24.21      0.00      0.00     75.74
                all      2.70      0.00     21.34      0.00      0.00     75.96
                all      0.01      0.00     23.68      0.00      0.00     76.30
                all      0.02      0.00     23.70      0.00      0.00     76.29
                all      0.47      0.00     13.45      0.01      0.00     86.07
end------
                all      0.00      0.00      0.03      0.00      0.00     99.96
                all      0.14      0.00      0.43      0.00      0.00     99.43
                all      0.13      0.00      0.43      0.00      0.00     99.44
                all      0.12      0.00      0.45      0.00      0.00     99.43
start----
                all      0.58      0.00     13.22      0.04      0.00     86.16
                all      0.06      0.00     24.07      0.00      0.00     75.87
                all      0.62      0.00     23.66      0.00      0.00     75.72
                all      2.13      0.00     21.73      0.00      0.00     76.14
                all      0.02      0.00     23.73      0.00      0.00     76.24
                all      0.02      0.00     23.69      0.00      0.00     76.29
                all      0.50      0.00      6.73      0.00      0.00     92.77
end------
                all      0.07      0.00      0.27      0.00      0.00     99.67
                all      0.13      0.00      0.44      0.00      0.00     99.44
                all      0.12      0.00      0.44      0.00      0.00     99.44
start----
                all      0.30      0.00      3.51      0.01      0.00     96.18
                all      2.17      0.00     38.55      0.03      0.00     59.25
                all      0.51      0.00      9.39      0.00      0.00     90.10
end------
                all      0.06      0.00      0.25      0.00      0.00     99.68
                all      0.12      0.00      0.45      0.00      0.00     99.42
                all      0.13      0.00      0.44      0.07      0.00     99.36
start----
                all      0.37      0.00      3.73      0.03      0.00     95.87
                all      2.07      0.00     40.08      0.03      0.00     57.82
                all      0.53      0.00      7.33      0.00      0.00     92.13
end------
                all      0.07      0.00      0.25      0.00      0.00     99.67
                all      0.13      0.00      0.44      0.00      0.00     99.44
                all      0.13      0.00      0.44      0.07      0.00     99.35
start----
                all      0.37      0.00      4.53      0.12      0.00     94.98
                all      2.03      0.00     41.16      0.04      0.00     56.77
                all      0.52      0.00      6.41      0.00      0.00     93.07
end------
                all      0.07      0.00      0.28      0.00      0.00     99.65
                all      0.13      0.00      0.44      0.00      0.00     99.44
                all      0.13      0.00      0.45      0.07      0.00     99.35
start----
                all      0.99      0.00      4.12      0.06      0.00     94.83
                all      1.52      0.00     43.68      0.01      0.00     54.79
                all      0.55      0.00     44.27      0.00      0.00     55.18
                all      0.02      0.00      0.09      0.00      0.00     99.88
end------
                all      0.11      0.00      0.39      0.00      0.00     99.51
                all      0.13      0.00      0.44      0.00      0.00     99.43
                all      0.13      0.00      0.45      0.00      0.00     99.41
start----
                all      2.07      0.00      8.95      0.06      0.00     88.93
                all      0.39      0.00     46.40      0.00      0.00     53.21
                all      0.62      0.00     36.73      0.00      0.00     62.64
end------
                all      0.01      0.00      0.03      0.00      0.00     99.96
                all      0.12      0.00      0.45      0.00      0.00     99.43
                all      0.12      0.00      0.45      0.00      0.00     99.43
                all      0.13      0.00      0.44      0.00      0.00     99.44
start----
                all      1.72      0.00     17.17      0.04      0.00     81.07
                all      0.38      0.00     46.24      0.00      0.00     53.38
                all      0.54      0.00     28.21      0.00      0.00     71.25
end------
                all      0.03      0.00      0.10      0.00      0.00     99.88
                all      0.14      0.00      0.43      0.00      0.00     99.43
                all      0.13      0.00      0.44      0.00      0.00     99.43
                all      0.13      0.00      0.45      0.00      0.00     99.42
start----
                all      2.01      0.00     25.15      0.11      0.00     72.72
                all      0.06      0.00     47.57      0.00      0.00     52.37
                all      0.60      0.00     45.62      0.00      0.00     53.78
                all      0.12      0.00     46.51      0.02      0.00     53.35
                all      0.64      0.00     12.69      0.00      0.00     86.67
end------
                all      0.06      0.00      0.23      0.00      0.00     99.71
                all      0.13      0.00      0.44      0.00      0.00     99.44
                all      0.12      0.00      0.45      0.07      0.00     99.36
start----
                all      0.25      0.00      2.41      0.05      0.00     97.29
                all      1.76      0.00     39.23      0.05      0.00     58.96
                all      0.80      0.00     46.29      0.00      0.00     52.91
                all      0.02      0.00     46.28      0.00      0.00     53.70
                all      0.76      0.00     42.85      0.00      0.00     56.39
                all      0.03      0.00      0.07      0.00      0.00     99.90
end------
                all      0.10      0.00      0.38      0.00      0.00     99.52
                all      0.13      0.00      0.45      0.00      0.00     99.42
                all      0.12      0.00      0.45      0.08      0.00     99.35
start----
                all      2.04      0.00      9.57      0.07      0.00     88.32
                all      0.05      0.00     47.37      0.00      0.00     52.58
                all      0.77      0.00     45.94      0.00      0.00     53.29
                all      0.02      0.00     46.27      0.00      0.00     53.71
                all      0.69      0.00     25.61      0.00      0.00     73.71
end------
                all      0.03      0.00      0.09      0.00      0.00     99.88
                all      0.13      0.00      0.43      0.00      0.00     99.44
                all      0.14      0.00      0.44      0.06      0.00     99.36
start----
                all      0.12      0.00      0.44      0.00      0.00     99.44
                all      1.89      0.00     27.42      0.06      0.00     70.63
                all      0.04      0.00     47.59      0.00      0.00     52.37
                all      0.05      0.00     47.80      0.00      0.00     52.15
                all      1.77      0.00     45.27      0.00      0.00     52.96
                all      0.02      0.00     46.27      0.00      0.00     53.72
                all      0.02      0.00     46.28      0.00      0.00     53.71
                all      0.02      0.00     46.20      0.00      0.00     53.78
                all      0.62      0.00     37.17      0.00      0.00     62.21
end------
                all      0.00      0.00      0.04      0.00      0.00     99.95
                all      0.13      0.00      0.42      0.00      0.00     99.46
                all      0.12      0.00      0.45      0.02      0.00     99.41
                all      0.14      0.00      0.44      0.05      0.00     99.38
start----
                all      2.05      0.00     15.58      0.08      0.00     82.29
                all      0.10      0.00     47.65      0.00      0.00     52.25
                all      0.04      0.00     47.79      0.00      0.00     52.16
                all      0.60      0.00     45.62      0.02      0.00     53.76
                all      0.02      0.00     46.25      0.00      0.00     53.73
                all      0.02      0.00     46.26      0.00      0.00     53.72
                all      0.02      0.00     46.21      0.00      0.00     53.77
                all      1.61      0.00     44.80      0.00      0.00     53.59
                all      0.33      0.00      3.07      0.01      0.00     96.58
end------
                all      0.09      0.00      0.30      0.00      0.00     99.61
                all      0.13      0.00      0.43      0.00      0.00     99.44
                all      0.13      0.00      0.43      0.00      0.00     99.44
start----
                all      0.89      0.00      6.06      0.08      0.00     92.97
                all      1.12      0.00     44.39      0.01      0.00     54.48
                all      0.06      0.00     47.78      0.00      0.00     52.16
                all      0.05      0.00     47.81      0.00      0.00     52.14
                all      0.65      0.00     45.20      0.04      0.00     54.12
                all      0.02      0.00     46.30      0.00      0.00     53.68
                all      0.02      0.00     46.26      0.00      0.00     53.73
                all      0.02      0.00     46.22      0.00      0.00     53.76
                all      1.11      0.00     14.97      0.00      0.00     83.91
end------
                all      0.06      0.00      0.22      0.00      0.00     99.72
                all      0.12      0.00      0.44      0.00      0.00     99.44
                all      0.14      0.00      0.44      0.00      0.00     99.42
start----
                all      0.12      0.00      0.43      0.00      0.00     99.45
                all      7.56      0.00     49.92      0.17      0.00     42.34
                all      2.76      0.00     87.81      0.00      0.00      9.43
                all      3.88      0.00     22.59      0.00      0.00     73.53
end------
                all      0.02      0.00      0.08      0.00      0.00     99.90
                all      0.13      0.00      0.44      0.00      0.00     99.44
                all      0.13      0.00      0.44      0.00      0.00     99.43
                all      0.13      0.00      0.44      0.00      0.00     99.44
start----
                all      4.46      0.00     31.00      0.14      0.00     64.40
                all      6.66      0.00     84.12      0.07      0.00      9.15
                all      5.07      0.00     45.07      0.00      0.00     49.86
                all      0.02      0.00      0.07      0.00      0.00     99.91
end------
                all      0.12      0.00      0.38      0.00      0.00     99.50
                all      0.14      0.00      0.44      0.00      0.00     99.42
                all      0.13      0.00      0.44      0.00      0.00     99.43
start----
                all      1.00      0.00     18.04      0.17      0.00     80.79
                all      8.43      0.00     71.51      0.14      0.00     19.93
                all      8.02      0.00     76.84      0.00      0.00     15.14
                all      0.06      0.00      3.36      0.00      0.00     96.58
end------
                all      0.05      0.00      0.21      0.00      0.00     99.74
                all      0.14      0.00      0.43      0.00      0.00     99.44
                all      0.13      0.00      0.44      0.00      0.00     99.44
start----
                all      0.16      0.00      2.34      0.06      0.00     97.44
                all     13.61      0.00     47.77      0.07      0.00     38.55
                all      1.69      0.00     92.78      0.00      0.00      5.53
                all      0.53      0.00     84.89      0.00      0.00     14.58
                all      5.27      0.00     49.60      0.00      0.00     45.13
                all      0.03      0.00      0.09      0.00      0.00     99.88
end------
                all      0.09      0.00      0.35      0.00      0.00     99.55
                all      0.14      0.00      0.42      0.00      0.00     99.43
                all      0.14      0.00      0.43      0.00      0.00     99.43
start----
                all      1.05      0.00     10.03      0.04      0.00     88.87
                all      6.81      0.00     77.37      0.12      0.00     15.70
                all      2.42      0.00     88.60      0.00      0.00      8.97
                all      1.75      0.00     85.89      0.00      0.00     12.35
                all      3.03      0.00     16.29      0.00      0.00     80.69
end------
                all      0.03      0.00      0.11      0.00      0.00     99.86
                all      0.14      0.00      0.46      0.00      0.00     99.39
                all      0.15      0.00      0.48      0.00      0.00     99.37
start----
                all      0.11      0.00      0.41      0.00      0.00     99.48
                all      7.46      0.00     37.83      0.17      0.00     54.53
                all      0.75      0.00     92.11      0.00      0.00      7.14
                all      3.22      0.00     83.47      0.00      0.00     13.31
                all      6.23      0.00     57.89      0.00      0.00     35.88
                all      0.03      0.00      0.14      0.00      0.00     99.82
end------
                all      0.07      0.00      0.23      0.00      0.00     99.71
                all      0.14      0.00      0.44      0.00      0.00     99.42
                all      0.14      0.00      0.44      0.00      0.00     99.42
start----
                all      0.32      0.00      3.20      0.06      0.00     96.43
                all      7.60      0.00     54.42      0.07      0.00     37.91
                all      0.04      0.00     94.52      0.00      0.00      5.44
                all      1.86      0.00     92.21      0.00      0.00      5.93
                all      0.05      0.00     87.33      0.00      0.00     12.61
                all      0.05      0.00     87.22      0.00      0.00     12.72
                all      7.14      0.00     81.18      0.00      0.00     11.67
                all      0.09      0.00      9.21      0.00      0.00     90.70
end------
                all      0.04      0.00      0.18      0.00      0.00     99.78
                all      0.14      0.00      0.43      0.00      0.00     99.43
                all      0.13      0.00      0.44      0.07      0.00     99.36
start----
                all      0.16      0.00      0.46      0.01      0.00     99.37
                all      7.42      0.00     47.95      0.29      0.00     44.34
                all      0.06      0.00     94.45      0.00      0.00      5.49
                all      0.94      0.00     93.90      0.00      0.00      5.16
                all      1.95      0.00     81.87      0.00      0.00     16.18
                all      0.05      0.00     87.38      0.00      0.00     12.57
                all      3.44      0.00     84.57      0.00      0.00     11.99
                all      3.16      0.00     16.86      0.01      0.00     79.98
end------
                all      0.01      0.00      0.06      0.00      0.00     99.93
                all      0.12      0.00      0.45      0.00      0.00     99.43
                all      0.13      0.00      0.44      0.00      0.00     99.43
                all      0.13      0.00      0.44      0.00      0.00     99.43
start----
                all      9.81      0.00     16.76      0.31      0.00     73.11
                all      5.21      0.00     81.83      0.03      0.00     12.92
                all      0.05      0.00     94.66      0.00      0.00      5.29
                all      3.05      0.00     88.63      0.01      0.00      8.31
                all      0.05      0.00     87.33      0.00      0.00     12.62
                all      0.04      0.00     87.19      0.00      0.00     12.77
                all      5.21      0.00     53.57      0.00      0.00     41.22
                all      0.03      0.00      0.10      0.00      0.00     99.87
end------
                all      0.10      0.00      0.34      0.00      0.00     99.57
                all      0.14      0.00      0.42      0.00      0.00     99.44
                all      0.13      0.00      0.44      0.00      0.00     99.43
start----
                all      1.01      0.00     10.28      0.05      0.00     88.65
                all      6.77      0.00     68.19      0.13      0.00     24.91
                all      0.05      0.00     94.59      0.00      0.00      5.36
                all      0.05      0.00     94.83      0.00      0.00      5.12
                all      0.06      0.00     94.82      0.00      0.00      5.12
                all      2.27      0.00     87.78      0.00      0.00      9.94
                all      0.04      0.00     87.23      0.00      0.00     12.73
                all      0.04      0.00     87.22      0.00      0.00     12.74
                all      0.05      0.00     87.25      0.00      0.00     12.70
                all      0.04      0.00     87.18      0.00      0.00     12.78
                all      0.05      0.00     87.27      0.00      0.00     12.68
                all     10.56      0.00     74.16      0.00      0.00     15.27
                all      0.06      0.00      2.93      0.00      0.00     97.00
end------
                all      0.04      0.00      0.14      0.00      0.00     99.81
                all      0.13      0.00      0.45      0.00      0.00     99.43
                all      0.13      0.00      0.43      0.07      0.00     99.37
start----
                all      0.14      0.00      0.48      0.01      0.00     99.38
                all     10.82      0.00     37.86      0.31      0.00     51.01
                all      0.64      0.00     92.84      0.00      0.00      6.71
                all      0.04      0.00     94.78      0.00      0.00      5.17
                all      0.05      0.00     94.86      0.00      0.00      5.09
                all      0.06      0.00     94.84      0.00      0.00      5.09
                all      4.24      0.00     82.06      0.00      0.00     13.70
                all      0.05      0.00     87.32      0.00      0.00     12.63
                all      0.04      0.00     87.15      0.00      0.00     12.80
                all      0.04      0.00     87.27      0.00      0.00     12.69
                all      0.05      0.00     87.17      0.00      0.00     12.78
                all      0.05      0.00     87.26      0.00      0.00     12.69
                all      6.70      0.00     29.48      0.00      0.00     63.82
end------
                all      0.00      0.00      0.03      0.00      0.00     99.96
                all      0.13      0.00      0.44      0.00      0.00     99.44
                all      0.13      0.00      0.44      0.00      0.00     99.42
                all      0.13      0.00      0.44      0.00      0.00     99.43
start----
                all      2.84      0.00     22.62      0.11      0.00     74.43
                all      5.17      0.00     83.53      0.02      0.00     11.28
                all      0.04      0.00     94.70      0.00      0.00      5.26
                all      0.05      0.00     94.86      0.00      0.00      5.09
                all      0.07      0.00     94.84      0.00      0.00      5.09
                all      3.58      0.00     87.24      0.00      0.00      9.19
                all      0.06      0.00     87.29      0.00      0.00     12.65
                all      0.05      0.00     87.27      0.00      0.00     12.67
                all      0.06      0.00     87.28      0.00      0.00     12.66
                all      0.05      0.00     87.29      0.00      0.00     12.65
                all      0.04      0.00     87.26      0.00      0.00     12.69
                all      5.63      0.00     48.16      0.00      0.00     46.21
                all      0.03      0.00      0.09      0.01      0.00     99.88
end------
                all      0.07      0.00      0.29      0.00      0.00     99.63
                all      0.14      0.00      0.42      0.00      0.00     99.44
                all      0.13      0.00      0.45      0.00      0.00     99.42
End of data collecting unexpected
