
Linux 5.2.8200225+ (knl03.kisti.re.kr) 	2020년 04월 05일 	_x86_64_	(272 CPU)

                CPU     %user     %nice   %system   %iowait    %steal     %idle
                all      0.03      0.00      0.10      0.00      0.00     99.87
                all      0.03      0.00      0.08      0.15      0.00     99.74
                all      0.01      0.00      0.07      0.37      0.00     99.55
                all      0.02      0.00      0.07      0.36      0.00     99.54
                all      0.01      0.00      0.08      0.26      0.00     99.64
                all      0.04      0.00      0.14      0.25      0.00     99.58
                all      0.07      0.00      0.13      0.04      0.00     99.77
                all      0.08      0.00      0.18      0.07      0.00     99.67
                all      0.09      0.00      0.30      0.03      0.00     99.58
                all      0.01      0.00      0.08      0.00      0.00     99.90
                all      0.02      0.00      0.07      0.00      0.00     99.91
                all      0.01      0.00      0.07      0.00      0.00     99.92
start----
                all      0.08      0.00      1.53      0.03      0.00     98.36
                all      0.06      0.00      2.11      0.00      0.00     97.83
                all      0.02      0.00      0.07      0.00      0.00     99.91
                all      0.01      0.00      0.08      0.00      0.00     99.91
                all      0.02      0.00      0.07      0.08      0.00     99.83
                all      0.02      0.00      0.08      0.00      0.00     99.89
                all      0.08      0.00      2.33      0.01      0.00     97.57
                all      0.05      0.00      1.23      0.01      0.00     98.72
end------
                all      0.04      0.00      0.21      0.00      0.00     99.74
                all      0.11      0.00      0.47      0.00      0.00     99.42
                all      0.10      0.00      0.47      0.07      0.00     99.36
start----
                all      0.14      0.00      0.48      0.01      0.00     99.37
                all      0.03      0.00      3.00      0.00      0.00     96.97
                all      0.04      0.00      0.40      0.01      0.00     99.55
end------
                all      0.08      0.00      0.34      0.00      0.00     99.58
                all      0.11      0.00      0.46      0.00      0.00     99.44
                all      0.11      0.00      0.47      0.08      0.00     99.34
start----
                all      0.14      0.00      1.30      0.01      0.00     98.55
                all      0.03      0.00      3.01      0.00      0.00     96.97
                all      0.07      0.00      2.92      0.00      0.00     97.01
                all      0.02      0.00      0.06      0.01      0.00     99.91
end------
                all      0.10      0.00      0.41      0.00      0.00     99.49
                all      0.12      0.00      0.45      0.00      0.00     99.43
                all      0.10      0.00      0.47      0.00      0.00     99.42
start----
                all      0.10      0.00      1.55      0.02      0.00     98.33
                all      0.04      0.00      3.00      0.00      0.00     96.96
                all      0.10      0.00      2.47      0.00      0.00     97.43
end------
                all      0.01      0.00      0.04      0.00      0.00     99.95
                all      0.12      0.00      0.45      0.00      0.00     99.43
                all      0.11      0.00      0.46      0.00      0.00     99.42
                all      0.12      0.00      0.45      0.00      0.00     99.43
start----
                all      0.10      0.00      1.97      0.02      0.00     97.91
                all      0.05      0.00      2.98      0.00      0.00     96.97
                all      0.06      0.00      1.98      0.00      0.00     97.96
end------
                all      0.00      0.00      0.04      0.00      0.00     99.96
                all      0.11      0.00      0.44      0.00      0.00     99.46
                all      0.11      0.00      0.47      0.00      0.00     99.42
                all      0.13      0.00      0.45      0.00      0.00     99.42
start----
                all      0.10      0.00      1.88      0.03      0.00     98.00
                all      0.03      0.00      3.01      0.00      0.00     96.96
                all      0.03      0.00      3.51      0.00      0.00     96.46
                all      0.07      0.00      3.31      0.00      0.00     96.62
                all      0.02      0.00      3.02      0.00      0.00     96.97
                all      0.09      0.00      0.12      0.00      0.00     99.79
end------
                all      0.09      0.00      0.36      0.00      0.00     99.55
                all      0.12      0.00      0.45      0.00      0.00     99.43
                all      0.12      0.00      0.46      0.08      0.00     99.34
start----
                all      0.12      0.00      1.41      0.02      0.00     98.45
                all      0.03      0.00      3.00      0.00      0.00     96.96
                all      0.03      0.00      3.39      0.00      0.00     96.58
                all      0.07      0.00      3.38      0.00      0.00     96.55
                all      0.01      0.00      3.02      0.00      0.00     96.96
                all      0.12      0.00      0.50      0.00      0.00     99.37
end------
                all      0.08      0.00      0.34      0.00      0.00     99.58
                all      0.11      0.00      0.45      0.00      0.00     99.44
                all      0.11      0.00      0.46      0.08      0.00     99.34
start----
                all      0.13      0.00      1.11      0.01      0.00     98.75
                all      0.03      0.00      3.01      0.00      0.00     96.96
                all      0.03      0.00      3.30      0.00      0.00     96.67
                all      0.55      0.00      3.02      0.00      0.00     96.43
                all      0.11      0.00      2.96      0.00      0.00     96.92
                all      0.21      0.00      1.66      0.00      0.00     98.13
end------
                all      0.01      0.00      0.03      0.00      0.00     99.96
                all      0.11      0.00      0.45      0.00      0.00     99.44
                all      0.11      0.00      0.46      0.06      0.00     99.37
                all      0.12      0.00      0.46      0.01      0.00     99.41
start----
                all      0.10      0.00      2.00      0.02      0.00     97.89
                all      0.03      0.00      3.00      0.00      0.00     96.96
                all      0.04      0.00      3.42      0.00      0.00     96.54
                all      0.03      0.00      3.49      0.00      0.00     96.47
                all      0.03      0.00      3.50      0.01      0.00     96.46
                all      0.04      0.00      3.48      0.00      0.00     96.47
                all      0.03      0.00      1.95      1.46      0.00     96.57
                all      0.25      0.00      2.68      0.24      0.00     96.83
                all      0.01      0.00      3.02      0.00      0.00     96.96
                all      0.01      0.00      3.02      0.00      0.00     96.96
                all      0.16      0.00      0.72      0.00      0.00     99.11
end------
                all      0.09      0.00      0.36      0.00      0.00     99.55
                all      0.11      0.00      0.46      0.00      0.00     99.43
                all      0.11      0.00      0.46      0.00      0.00     99.42
start----
                all      0.13      0.00      0.83      0.01      0.00     99.03
                all      0.03      0.00      2.99      0.00      0.00     96.97
                all      0.03      0.00      3.17      0.00      0.00     96.80
                all      0.03      0.00      3.51      0.01      0.00     96.45
                all      0.03      0.00      3.62      0.00      0.00     96.35
                all      0.04      0.00      3.52      0.01      0.00     96.43
                all      0.04      0.00      2.78      0.70      0.00     96.48
                all      0.56      0.00      2.02      1.08      0.00     96.34
                all      0.46      0.00      3.14      0.00      0.00     96.39
                all      0.01      0.00      3.02      0.00      0.00     96.96
                all      0.52      0.00      2.34      0.00      0.00     97.14
                all      0.01      0.00      0.05      0.00      0.00     99.94
end------
                all      0.10      0.00      0.40      0.00      0.00     99.50
                all      0.11      0.00      0.47      0.01      0.00     99.41
                all      0.12      0.00      0.45      0.07      0.00     99.36
start----
                all      0.10      0.00      1.67      0.02      0.00     98.21
                all      0.03      0.00      3.01      0.00      0.00     96.95
                all      0.03      0.00      3.36      0.00      0.00     96.60
                all      0.04      0.00      3.46      0.00      0.00     96.50
                all      0.03      0.00      3.52      0.00      0.00     96.45
                all      0.04      0.00      3.51      0.01      0.00     96.44
                all      0.02      0.00      2.30      1.12      0.00     96.56
                all      0.21      0.00      2.69      0.31      0.00     96.80
                all      0.02      0.00      3.02      0.00      0.00     96.96
                all      0.02      0.00      3.02      0.00      0.00     96.97
                all      0.34      0.00      0.79      0.00      0.00     98.87
end------
                all      0.07      0.00      0.27      0.00      0.00     99.66
                all      0.12      0.00      0.45      0.00      0.00     99.42
                all      0.11      0.00      0.45      0.00      0.00     99.43
start----
                all      0.18      0.00      0.68      0.03      0.00     99.11
                all      0.08      0.00      5.08      0.00      0.00     94.84
end------
                all      0.01      0.00      0.03      0.00      0.00     99.96
                all      0.11      0.00      0.45      0.00      0.00     99.44
                all      0.12      0.00      0.46      0.08      0.00     99.34
                all      0.11      0.00      0.46      0.00      0.00     99.42
start----
                all      0.14      0.00      3.48      0.02      0.00     96.36
                all      0.05      0.00      2.09      0.01      0.00     97.84
end------
                all      0.05      0.00      0.24      0.00      0.00     99.71
                all      0.11      0.00      0.46      0.00      0.00     99.42
                all      0.12      0.00      0.45      0.00      0.00     99.43
start----
                all      0.17      0.00      0.94      0.02      0.00     98.86
                all      0.06      0.00      4.83      0.00      0.00     95.10
end------
                all      0.01      0.00      0.03      0.00      0.00     99.96
                all      0.10      0.00      0.47      0.00      0.00     99.43
                all      0.12      0.00      0.45      0.06      0.00     99.38
                all      0.11      0.00      0.45      0.02      0.00     99.41
start----
                all      0.15      0.00      3.73      0.01      0.00     96.11
                all      0.07      0.00      5.92      0.00      0.00     94.00
                all      0.05      0.00      0.97      0.00      0.00     98.98
end------
                all      0.08      0.00      0.36      0.00      0.00     99.56
                all      0.11      0.00      0.45      0.00      0.00     99.43
                all      0.11      0.00      0.46      0.00      0.00     99.43
start----
                all      0.19      0.00      1.85      0.02      0.00     97.94
                all      0.06      0.00      5.94      0.00      0.00     94.00
                all      0.05      0.00      2.93      0.00      0.00     97.01
end------
                all      0.04      0.00      0.21      0.00      0.00     99.75
                all      0.12      0.00      0.46      0.00      0.00     99.42
                all      0.11      0.00      0.47      0.00      0.00     99.41
start----
                all      0.13      0.00      0.47      0.00      0.00     99.40
                all      0.11      0.00      5.67      0.01      0.00     94.21
                all      0.08      0.00      4.81      0.00      0.00     95.11
end------
                all      0.01      0.00      0.04      0.00      0.00     99.94
                all      0.12      0.00      0.45      0.00      0.00     99.43
                all      0.11      0.00      0.45      0.00      0.00     99.43
                all      0.10      0.00      0.47      0.00      0.00     99.43
start----
                all      0.15      0.00      3.72      0.01      0.00     96.11
                all      0.04      0.00      6.16      0.00      0.00     93.80
                all      0.21      0.00      6.08      0.00      0.00     93.71
                all      0.14      0.00      5.47      0.00      0.00     94.38
                all      0.01      0.00      0.05      0.00      0.00     99.93
end------
                all      0.09      0.00      0.42      0.00      0.00     99.48
                all      0.12      0.00      0.45      0.01      0.00     99.42
                all      0.11      0.00      0.46      0.06      0.00     99.37
start----
                all      0.17      0.00      3.03      0.02      0.00     96.77
                all      0.04      0.00      6.09      0.00      0.00     93.87
                all      0.28      0.00      6.11      0.00      0.00     93.61
                all      0.03      0.00      5.97      0.00      0.00     94.00
                all      0.25      0.00      0.40      0.00      0.00     99.36
end------
                all      0.09      0.00      0.37      0.00      0.00     99.55
                all      0.11      0.00      0.45      0.00      0.00     99.43
                all      0.11      0.00      0.46      0.00      0.00     99.43
start----
                all      0.17      0.00      2.34      0.01      0.00     97.48
                all      0.04      0.00      6.03      0.00      0.00     93.92
                all      0.24      0.00      6.15      0.00      0.00     93.61
                all      0.02      0.00      5.98      0.00      0.00     94.00
                all      0.12      0.00      1.07      0.00      0.00     98.81
end------
                all      0.07      0.00      0.32      0.00      0.00     99.60
                all      0.11      0.00      0.46      0.00      0.00     99.43
                all      0.12      0.00      0.45      0.07      0.00     99.36
start----
                all      0.18      0.00      1.60      0.03      0.00     98.19
                all      0.04      0.00      5.99      0.00      0.00     93.97
                all      0.04      0.00      6.49      0.00      0.00     93.48
                all      0.04      0.00      6.44      0.12      0.00     93.40
                all      0.04      0.00      3.08      3.39      0.00     93.49
                all      0.62      0.00      3.83      1.77      0.00     93.78
                all      0.01      0.00      6.03      0.00      0.00     93.96
                all      0.02      0.00      5.97      0.00      0.00     94.00
                all      0.53      0.00      4.11      0.00      0.00     95.36
end------
                all      0.01      0.00      0.06      0.00      0.00     99.93
                all      0.11      0.00      0.45      0.00      0.00     99.44
                all      0.11      0.00      0.46      0.00      0.00     99.43
                all      0.11      0.00      0.46      0.00      0.00     99.43
start----
                all      0.16      0.00      4.02      0.02      0.00     95.80
                all      0.04      0.00      6.24      0.00      0.00     93.72
                all      0.04      0.00      6.55      0.00      0.00     93.41
                all      0.04      0.00      5.20      1.23      0.00     93.53
                all      0.36      0.00      2.35      3.62      0.00     93.66
                all      0.48      0.00      5.52      0.11      0.00     93.89
                all      0.02      0.00      5.98      0.00      0.00     94.01
                all      0.01      0.00      5.96      0.00      0.00     94.02
                all      0.44      0.00      1.39      0.00      0.00     98.16
end------
                all      0.04      0.00      0.20      0.00      0.00     99.76
                all      0.11      0.00      0.46      0.00      0.00     99.43
                all      0.11      0.00      0.46      0.00      0.00     99.43
start----
                all      0.11      0.00      0.40      0.00      0.00     99.49
                all      0.14      0.00      5.46      0.02      0.00     94.38
                all      0.05      0.00      6.32      0.00      0.00     93.63
                all      0.04      0.00      6.46      0.00      0.00     93.50
                all      0.06      0.00      4.33      2.16      0.00     93.45
                all      0.42      0.00      3.09      2.73      0.00     93.76
                all      0.02      0.00      6.02      0.00      0.00     93.96
                all      0.02      0.00      5.97      0.00      0.00     94.01
                all      0.46      0.00      5.16      0.00      0.00     94.38
                all      0.03      0.00      0.08      0.00      0.00     99.89
end------
                all      0.08      0.00      0.37      0.00      0.00     99.55
                all      0.13      0.00      0.44      0.00      0.00     99.43
                all      0.11      0.00      0.46      0.00      0.00     99.42
start----
                all      0.29      0.00      3.18      0.03      0.00     96.50
                all      0.11      0.00      7.81      0.00      0.00     92.08
end------
                all      0.02      0.00      0.11      0.00      0.00     99.87
                all      0.11      0.00      0.46      0.00      0.00     99.43
                all      0.10      0.00      0.46      0.08      0.00     99.36
start----
                all      0.10      0.00      0.44      0.00      0.00     99.46
                all      0.30      0.00      8.81      0.03      0.00     90.86
                all      0.06      0.00      1.96      0.00      0.00     97.98
end------
                all      0.07      0.00      0.33      0.00      0.00     99.60
                all      0.12      0.00      0.45      0.00      0.00     99.42
                all      0.11      0.00      0.46      0.08      0.00     99.35
start----
                all      0.29      0.00      3.20      0.02      0.00     96.49
                all      0.13      0.00      7.88      0.01      0.00     91.98
end------
                all      0.02      0.00      0.10      0.00      0.00     99.88
                all      0.12      0.00      0.45      0.00      0.00     99.43
                all      0.13      0.00      0.44      0.00      0.00     99.43
start----
                all      0.12      0.00      0.44      0.00      0.00     99.44
                all      0.24      0.00      8.83      0.01      0.00     90.92
                all      0.15      0.00     11.74      0.00      0.00     88.11
                all      0.03      0.00      0.20      0.00      0.00     99.77
end------
                all      0.10      0.00      0.40      0.00      0.00     99.50
                all      0.11      0.00      0.45      0.00      0.00     99.44
                all      0.11      0.00      0.46      0.00      0.00     99.43
start----
                all      0.29      0.00      4.90      0.03      0.00     94.78
                all      0.14      0.00     11.75      0.00      0.00     88.12
                all      0.06      0.00      4.21      0.00      0.00     95.73
end------
                all      0.07      0.00      0.25      0.00      0.00     99.69
                all      0.11      0.00      0.46      0.00      0.00     99.43
                all      0.13      0.00      0.45      0.00      0.00     99.42
start----
                all      0.28      0.00      1.03      0.01      0.00     98.68
                all      0.22      0.00     11.63      0.00      0.00     88.14
                all      0.07      0.00      8.34      0.00      0.00     91.60
end------
                all      0.02      0.00      0.10      0.00      0.00     99.87
                all      0.11      0.00      0.46      0.00      0.00     99.43
                all      0.12      0.00      0.45      0.00      0.00     99.43
                all      0.11      0.00      0.45      0.00      0.00     99.44
start----
                all      0.25      0.00      8.41      0.01      0.00     91.33
                all      0.05      0.00     12.16      0.00      0.00     87.79
                all      0.15      0.00     11.89      0.00      0.00     87.96
                all      0.28      0.00      8.69      0.00      0.00     91.03
end------
                all      0.01      0.00      0.06      0.00      0.00     99.93
                all      0.11      0.00      0.45      0.00      0.00     99.44
                all      0.12      0.00      0.45      0.07      0.00     99.36
                all      0.11      0.00      0.47      0.00      0.00     99.42
start----
                all      0.25      0.00      7.77      0.03      0.00     91.95
                all      0.04      0.00     12.15      0.00      0.00     87.81
                all      0.16      0.00     11.92      0.00      0.00     87.92
                all      0.30      0.00      9.47      0.00      0.00     90.23
end------
                all      0.00      0.00      0.03      0.00      0.00     99.96
                all      0.12      0.00      0.46      0.00      0.00     99.42
                all      0.11      0.00      0.46      0.05      0.00     99.39
                all      0.15      0.00      0.53      0.03      0.00     99.29
start----
                all      0.25      0.00      6.93      0.02      0.00     92.80
                all      0.04      0.00     12.10      0.00      0.00     87.86
                all      0.26      0.00     11.88      0.00      0.00     87.85
                all      0.31      0.00     10.42      0.00      0.00     89.27
end------
                all      0.01      0.00      0.05      0.00      0.00     99.94
                all      0.10      0.00      0.42      0.00      0.00     99.47
                all      0.12      0.00      0.45      0.02      0.00     99.41
                all      0.13      0.00      0.45      0.06      0.00     99.37
start----
                all      0.27      0.00      5.97      0.02      0.00     93.74
                all      0.03      0.00     12.04      0.00      0.00     87.92
                all      0.05      0.00     12.44      0.00      0.00     87.51
                all      0.04      0.00     12.28      0.14      0.00     87.54
                all      0.95      0.00      8.74      2.52      0.00     87.79
                all      0.02      0.00     11.89      0.00      0.00     88.09
                all      0.01      0.00     11.88      0.00      0.00     88.11
                all      0.57      0.00      6.93      0.01      0.00     92.49
end------
                all      0.00      0.00      0.03      0.00      0.00     99.97
                all      0.12      0.00      0.45      0.00      0.00     99.43
                all      0.11      0.00      0.45      0.00      0.00     99.44
                all      0.11      0.00      0.46      0.00      0.00     99.43
start----
                all      0.26      0.00      6.74      0.02      0.00     92.98
                all      0.05      0.00     12.08      0.00      0.00     87.87
                all      0.03      0.00     12.42      0.00      0.00     87.55
                all      0.04      0.00     11.95      0.49      0.00     87.53
                all      0.67      0.00      9.73      1.75      0.00     87.85
                all      0.01      0.00     11.87      0.00      0.00     88.12
                all      0.02      0.00     11.88      0.00      0.00     88.10
                all      0.50      0.00      5.21      0.00      0.00     94.28
end------
                all      0.03      0.00      0.12      0.00      0.00     99.85
                all      0.11      0.00      0.46      0.00      0.00     99.43
                all      0.13      0.00      0.44      0.00      0.00     99.43
start----
                all      0.11      0.00      0.45      0.00      0.00     99.44
                all      0.24      0.00      8.65      0.02      0.00     91.10
                all      0.04      0.00     12.15      0.00      0.00     87.81
                all      0.05      0.00     12.42      0.00      0.00     87.53
                all      0.04      0.00     10.85      1.55      0.00     87.56
                all      2.70      0.00      9.02      0.47      0.00     87.81
                all      0.02      0.00     11.90      0.00      0.00     88.09
                all      0.01      0.00     11.87      0.00      0.00     88.11
                all      0.59      0.00      6.50      0.00      0.00     92.91
end------
                all      0.03      0.00      0.13      0.00      0.00     99.85
                all      0.12      0.00      0.45      0.00      0.00     99.44
                all      0.11      0.00      0.45      0.00      0.00     99.43
start----
                all      0.10      0.00      0.42      0.00      0.00     99.47
                all      0.78      0.00     17.84      0.04      0.00     81.33
                all      0.14      0.00      4.20      0.00      0.00     95.66
end------
                all      0.07      0.00      0.28      0.00      0.00     99.65
                all      0.12      0.00      0.46      0.00      0.00     99.42
                all      0.12      0.00      0.45      0.00      0.00     99.43
start----
                all      0.63      0.00      3.88      0.04      0.00     95.44
                all      0.27      0.00     18.02      0.00      0.00     81.71
end------
                all      0.01      0.00      0.03      0.00      0.00     99.96
                all      0.11      0.00      0.45      0.00      0.00     99.44
                all      0.13      0.00      0.44      0.06      0.00     99.37
                all      0.10      0.00      0.46      0.01      0.00     99.42
start----
                all      0.73      0.00     12.89      0.04      0.00     86.33
                all      0.14      0.00      9.16      0.00      0.00     90.71
end------
                all      0.04      0.00      0.21      0.00      0.00     99.74
                all      0.11      0.00      0.46      0.00      0.00     99.43
                all      0.13      0.00      0.51      0.08      0.00     99.28
start----
                all      0.21      0.00      1.10      0.04      0.00     98.65
                all      0.51      0.00     21.57      0.01      0.00     77.91
                all      0.25      0.00     19.03      0.00      0.00     80.72
end------
                all      0.01      0.00      0.03      0.00      0.00     99.96
                all      0.11      0.00      0.43      0.00      0.00     99.45
                all      0.11      0.00      0.45      0.05      0.00     99.39
                all      0.11      0.00      0.46      0.03      0.00     99.40
start----
                all      0.66      0.00     11.95      0.05      0.00     87.34
                all      0.15      0.00     23.53      0.00      0.00     76.32
                all      0.16      0.00      6.14      0.00      0.00     93.69
end------
                all      0.06      0.00      0.25      0.00      0.00     99.69
                all      0.11      0.00      0.45      0.00      0.00     99.44
                all      0.12      0.00      0.46      0.00      0.00     99.42
start----
                all      0.47      0.00      2.20      0.05      0.00     97.28
                all      0.32      0.00     23.14      0.00      0.00     76.53
                all      0.14      0.00     16.62      0.00      0.00     83.24
end------
                all      0.01      0.00      0.06      0.00      0.00     99.93
                all      0.11      0.00      0.47      0.00      0.00     99.42
                all      0.11      0.00      0.45      0.00      0.00     99.44
                all      0.12      0.00      0.46      0.00      0.00     99.42
start----
                all      0.56      0.00     14.95      0.05      0.00     84.44
                all      0.05      0.00     23.93      0.00      0.00     76.02
                all      0.78      0.00     23.09      0.00      0.00     76.13
                all      0.27      0.00     19.85      0.00      0.00     79.87
end------
                all      0.01      0.00      0.03      0.00      0.00     99.96
                all      0.12      0.00      0.44      0.00      0.00     99.44
                all      0.11      0.00      0.46      0.00      0.00     99.42
                all      0.11      0.00      0.46      0.00      0.00     99.42
start----
                all      0.61      0.00     11.39      0.03      0.00     87.97
                all      0.05      0.00     23.84      0.00      0.00     76.12
                all      0.72      0.00     23.24      0.00      0.00     76.04
                all      0.30      0.00     23.27      0.00      0.00     76.43
                all      0.03      0.00      0.19      0.00      0.00     99.78
end------
                all      0.07      0.00      0.30      0.00      0.00     99.63
                all      0.13      0.00      0.44      0.00      0.00     99.42
                all      0.12      0.00      0.45      0.00      0.00     99.43
start----
                all      0.57      0.00      3.39      0.05      0.00     95.98
                all      0.05      0.00     23.68      0.00      0.00     76.27
                all      0.76      0.00     23.41      0.00      0.00     75.83
                all      0.01      0.00     23.70      0.00      0.00     76.28
                all      0.28      0.00      8.09      0.00      0.00     91.63
end------
                all      0.06      0.00      0.23      0.00      0.00     99.71
                all      0.12      0.00      0.44      0.00      0.00     99.44
                all      0.11      0.00      0.46      0.00      0.00     99.43
start----
                all      0.21      0.00      1.57      0.13      0.00     98.09
                all      0.56      0.00     22.13      0.01      0.00     77.30
                all      0.04      0.00     24.13      0.00      0.00     75.83
                all      0.06      0.00     24.22      0.00      0.00     75.72
                all      1.39      0.00     22.74      0.00      0.00     75.87
                all      0.01      0.00     23.70      0.00      0.00     76.29
                all      0.02      0.00     23.68      0.00      0.00     76.30
                all      0.17      0.00     20.92      0.00      0.00     78.92
                all      0.02      0.00      0.07      0.01      0.00     99.90
end------
                all      0.09      0.00      0.33      0.00      0.00     99.58
                all      0.12      0.00      0.45      0.00      0.00     99.44
                all      0.11      0.00      0.45      0.08      0.00     99.35
start----
                all      0.63      0.00      5.29      0.07      0.00     94.00
                all      0.05      0.00     23.70      0.00      0.00     76.25
                all      0.05      0.00     24.18      0.00      0.00     75.77
                all      0.05      0.00     24.22      0.00      0.00     75.73
                all      1.30      0.00     22.83      0.00      0.00     75.87
                all      0.02      0.00     23.71      0.00      0.00     76.27
                all      0.01      0.00     23.70      0.00      0.00     76.29
                all      0.53      0.00     15.90      0.00      0.00     83.56
end------
                all      0.01      0.00      0.05      0.01      0.00     99.93
                all      0.10      0.00      0.42      0.00      0.00     99.48
                all      0.12      0.00      0.44      0.00      0.00     99.44
                all      0.11      0.00      0.46      0.00      0.00     99.42
start----
                all      0.58      0.00      9.89      0.05      0.00     89.48
                all      0.05      0.00     23.81      0.00      0.00     76.15
                all      0.04      0.00     24.19      0.00      0.00     75.77
                all      0.04      0.00     24.19      0.00      0.00     75.77
                all      1.35      0.00     22.51      0.00      0.00     76.14
                all      0.04      0.00     23.70      0.03      0.00     76.23
                all      0.07      0.00     23.72      0.00      0.00     76.20
                all      0.24      0.00     10.82      0.00      0.00     88.94
end------
                all      0.04      0.00      0.17      0.00      0.00     99.79
                all      0.12      0.00      0.45      0.00      0.00     99.43
                all      0.12      0.00      0.44      0.08      0.00     99.36
start----
                all      0.10      0.00      0.40      0.00      0.00     99.49
                all      2.56      0.00     35.19      0.09      0.00     62.16
                all      0.61      0.00     21.20      0.00      0.00     78.19
end------
                all      0.04      0.00      0.14      0.00      0.00     99.82
                all      0.11      0.00      0.45      0.00      0.00     99.44
                all      0.11      0.00      0.45      0.00      0.00     99.44
start----
                all      0.10      0.00      0.42      0.00      0.00     99.48
                all      2.55      0.00     31.19      0.08      0.00     66.18
                all      0.59      0.00     25.25      0.00      0.00     74.17
end------
                all      0.03      0.00      0.11      0.00      0.00     99.86
                all      0.11      0.00      0.45      0.00      0.00     99.44
                all      0.13      0.00      0.44      0.00      0.00     99.43
start----
                all      0.11      0.00      0.43      0.00      0.00     99.46
                all      2.17      0.00     27.75      0.06      0.00     70.02
                all      1.03      0.00     29.00      0.00      0.00     69.97
end------
                all      0.03      0.00      0.10      0.00      0.00     99.87
                all      0.12      0.00      0.44      0.00      0.00     99.44
                all      0.11      0.00      0.46      0.00      0.00     99.43
                all      0.12      0.00      0.45      0.00      0.00     99.42
start----
                all      2.03      0.00     24.18      0.05      0.00     73.73
                all      0.59      0.00     46.03      0.00      0.00     53.37
                all      0.58      0.00     31.98      0.00      0.00     67.43
end------
                all      0.01      0.00      0.04      0.00      0.00     99.95
                all      0.12      0.00      0.44      0.00      0.00     99.44
                all      0.11      0.00      0.46      0.00      0.00     99.44
                all      0.11      0.00      0.46      0.00      0.00     99.43
start----
                all      2.17      0.00     21.14      0.06      0.00     76.63
                all      0.60      0.00     46.16      0.00      0.00     53.24
                all      0.55      0.00     35.32      0.00      0.00     64.13
end------
                all      0.01      0.00      0.04      0.00      0.00     99.94
                all      0.11      0.00      0.44      0.00      0.00     99.45
                all      0.13      0.00      0.44      0.04      0.00     99.40
                all      0.12      0.00      0.45      0.04      0.00     99.39
start----
                all      2.15      0.00     17.59      0.09      0.00     80.18
                all      0.55      0.00     46.30      0.00      0.00     53.15
                all      0.53      0.00     39.44      0.00      0.00     60.03
                all      0.02      0.00      0.06      0.00      0.00     99.92
end------
                all      0.09      0.00      0.34      0.00      0.00     99.57
                all      0.13      0.00      0.45      0.00      0.00     99.42
                all      0.12      0.00      0.45      0.00      0.00     99.43
start----
                all      1.14      0.00      5.87      0.06      0.00     92.94
                all      0.92      0.00     45.67      0.01      0.00     53.39
                all      0.65      0.00     45.86      0.01      0.00     53.47
                all      0.02      0.00     46.21      0.06      0.00     53.70
                all      0.78      0.00     45.60      0.00      0.00     53.62
                all      0.83      0.00      5.76      0.00      0.00     93.41
end------
                all      0.04      0.00      0.18      0.00      0.00     99.78
                all      0.10      0.00      0.46      0.00      0.00     99.43
                all      0.12      0.00      0.46      0.00      0.00     99.42
start----
                all      0.12      0.00      0.45      0.01      0.00     99.43
                all      2.20      0.00     37.30      0.10      0.00     60.40
                all      0.05      0.00     47.51      0.00      0.00     52.44
                all      0.54      0.00     44.58      0.03      0.00     54.85
                all      0.17      0.00     46.11      0.00      0.00     53.73
                all      1.71      0.00     18.44      0.00      0.00     79.85
end------
                all      0.09      0.00      0.24      0.01      0.00     99.66
                all      0.23      0.00      0.63      0.01      0.00     99.14
                all      0.12      0.00      0.48      0.01      0.00     99.39
start----
                all      0.14      0.00      0.49      0.06      0.00     99.31
                all      2.14      0.00     34.01      0.06      0.00     63.79
                all      0.04      0.00     47.51      0.00      0.00     52.45
                all      0.69      0.00     45.48      0.06      0.00     53.77
                all      0.09      0.00     46.58      0.03      0.00     53.30
                all      0.86      0.00     22.52      0.01      0.00     76.61
end------
                all      0.03      0.00      0.12      0.00      0.00     99.85
                all      0.13      0.00      0.44      0.00      0.00     99.44
                all      0.13      0.00      0.44      0.00      0.00     99.43
                all      0.12      0.00      0.44      0.00      0.00     99.44
start----
                all      2.20      0.00     23.78      0.07      0.00     73.95
                all      0.05      0.00     47.35      0.00      0.00     52.60
                all      0.05      0.00     47.74      0.00      0.00     52.21
                all      0.05      0.00     47.77      0.00      0.00     52.18
                all      0.99      0.00     45.83      0.00      0.00     53.18
                all      0.02      0.00     46.30      0.00      0.00     53.69
                all      0.02      0.00     46.25      0.00      0.00     53.73
                all      0.04      0.00     46.21      0.00      0.00     53.75
                all      0.74      0.00     31.34      0.00      0.00     67.92
                all      0.02      0.00      0.06      0.00      0.00     99.91
end------
                all      0.11      0.00      0.38      0.00      0.00     99.52
                all      0.12      0.00      0.44      0.00      0.00     99.44
                all      0.12      0.00      0.44      0.00      0.00     99.44
start----
                all      2.17      0.00     11.06      0.07      0.00     86.70
                all      0.04      0.00     47.22      0.00      0.00     52.74
                all      0.04      0.00     47.75      0.00      0.00     52.20
                all      0.04      0.00     47.67      0.00      0.00     52.28
                all      0.77      0.00     45.75      0.01      0.00     53.48
                all      0.02      0.00     46.28      0.00      0.00     53.70
                all      0.02      0.00     46.26      0.00      0.00     53.72
                all      0.02      0.00     46.22      0.00      0.00     53.75
                all      1.55      0.00     44.15      0.00      0.00     54.30
                all      0.04      0.00      0.84      0.01      0.00     99.11
end------
                all      0.06      0.00      0.23      0.00      0.00     99.71
                all      0.12      0.00      0.44      0.00      0.00     99.44
                all      0.13      0.00      0.44      0.08      0.00     99.35
start----
                all      0.30      0.00      4.08      0.04      0.00     95.59
                all      2.00      0.00     38.70      0.04      0.00     59.26
                all      0.04      0.00     47.62      0.00      0.00     52.34
                all      0.04      0.00     47.85      0.00      0.00     52.11
                all      0.05      0.00     47.85      0.00      0.00     52.10
                all      0.64      0.00     44.35      0.00      0.00     55.01
                all      0.02      0.00     46.24      0.00      0.00     53.74
                all      0.02      0.00     46.23      0.00      0.00     53.76
                all      0.29      0.00     46.19      0.00      0.00     53.52
                all      1.52      0.00     14.34      0.00      0.00     84.13
end------
                all      0.06      0.00      0.18      0.00      0.00     99.77
                all      0.14      0.00      0.43      0.00      0.00     99.44
                all      0.13      0.00      0.44      0.08      0.00     99.35
start----
                all      0.11      0.00      0.39      0.00      0.00     99.49
                all      9.89      0.00     41.37      0.16      0.00     48.57
                all      3.72      0.00     87.30      0.00      0.00      8.98
                all      4.79      0.00     43.26      0.00      0.00     51.95
end------
                all      0.02      0.00      0.05      0.00      0.00     99.93
                all      0.12      0.00      0.41      0.00      0.00     99.47
                all      0.12      0.00      0.44      0.00      0.00     99.44
                all      0.12      0.00      0.44      0.00      0.00     99.44
start----
                all      2.82      0.00     15.02      0.10      0.00     82.06
                all      7.91      0.00     76.06      0.04      0.00     15.99
                all      8.83      0.00     78.08      0.00      0.00     13.09
                all      0.08      0.00      8.61      0.00      0.00     91.31
end------
                all      0.03      0.00      0.11      0.00      0.00     99.86
                all      0.13      0.00      0.44      0.00      0.00     99.44
                all      0.13      0.00      0.44      0.08      0.00     99.36
start----
                all      0.12      0.00      0.42      0.00      0.00     99.47
                all      5.61      0.00     33.03      0.10      0.00     61.25
                all      7.67      0.00     82.84      0.16      0.00      9.34
                all      5.06      0.00     59.06      0.00      0.00     35.88
                all      0.03      0.00      0.12      0.00      0.00     99.85
end------
                all      0.07      0.00      0.24      0.00      0.00     99.69
                all      0.14      0.00      0.44      0.00      0.00     99.42
                all      0.13      0.00      0.44      0.08      0.00     99.35
start----
                all      0.35      0.00      3.61      0.04      0.00     96.00
                all      9.44      0.00     51.46      0.12      0.00     38.98
                all      1.18      0.00     93.22      0.00      0.00      5.60
                all      3.06      0.00     83.41      0.00      0.00     13.53
                all      5.11      0.00     67.16      0.00      0.00     27.74
                all      0.05      0.00      0.15      0.00      0.00     99.80
end------
                all      0.06      0.00      0.23      0.00      0.00     99.71
                all      0.22      0.00      0.53      0.01      0.00     99.24
                all      0.13      0.00      0.44      0.00      0.00     99.43
start----
                all      0.16      0.00      1.14      0.03      0.00     98.67
                all      9.12      0.00     46.61      0.15      0.00     44.12
                all      0.67      0.00     93.74      0.00      0.00      5.59
                all      3.91      0.00     82.36      0.00      0.00     13.73
                all      6.07      0.00     70.88      0.01      0.00     23.04
                all      0.03      0.00      0.95      0.00      0.00     99.02
end------
                all      0.07      0.00      0.26      0.00      0.00     99.67
                all      0.13      0.00      0.44      0.00      0.00     99.44
                all      0.14      0.00      0.43      0.07      0.00     99.36
start----
                all      0.53      0.00     10.16      0.30      0.00     89.00
                all     10.32      0.00     53.73      0.08      0.00     35.87
                all      2.49      0.00     91.83      0.00      0.00      5.68
                all      0.05      0.00     85.61      0.00      0.00     14.34
                all      5.25      0.00     60.65      0.00      0.00     34.11
                all      0.03      0.00      0.12      0.00      0.00     99.85
end------
                all      0.09      0.00      0.33      0.00      0.00     99.58
                all      0.14      0.00      0.42      0.00      0.00     99.44
                all      0.14      0.00      0.43      0.07      0.00     99.36
start----
                all      0.95      0.00     13.54      0.03      0.00     85.48
                all      9.11      0.00     57.72      0.16      0.00     33.00
                all      0.05      0.00     94.35      0.00      0.00      5.60
                all      0.51      0.00     94.24      0.00      0.00      5.25
                all      4.42      0.00     82.42      0.00      0.00     13.17
                all      0.06      0.00     87.40      0.02      0.00     12.52
                all      0.19      0.00     88.13      0.01      0.00     11.67
                all      4.88      0.00     31.88      0.00      0.00     63.24
end------
                all      0.01      0.00      0.06      0.00      0.00     99.93
                all      0.13      0.00      0.44      0.00      0.00     99.43
                all      0.14      0.00      0.42      0.00      0.00     99.44
                all      0.14      0.00      0.44      0.00      0.00     99.42
start----
                all      2.63      0.00     24.28      0.17      0.00     72.92
                all      6.46      0.00     78.02      0.05      0.00     15.47
                all      0.04      0.00     94.49      0.00      0.00      5.46
                all      3.17      0.00     90.23      0.00      0.00      6.60
                all      0.05      0.00     87.25      0.00      0.00     12.70
                all      0.04      0.00     87.27      0.00      0.00     12.69
                all      6.75      0.00     80.54      0.00      0.00     12.71
                all      0.06      0.00      7.23      0.00      0.00     92.71
end------
                all      0.03      0.00      0.11      0.00      0.00     99.85
                all      0.14      0.00      0.44      0.00      0.00     99.42
                all      0.14      0.00      0.43      0.07      0.00     99.36
start----
                all      0.13      0.00      0.40      0.00      0.00     99.47
                all      5.18      0.00     34.48      0.32      0.00     60.02
                all      4.65      0.00     85.73      0.08      0.00      9.54
                all      0.05      0.00     94.55      0.00      0.00      5.39
                all      3.62      0.00     87.20      0.00      0.00      9.18
                all      0.05      0.00     87.22      0.00      0.00     12.73
                all      0.05      0.00     87.03      0.00      0.00     12.92
                all      6.36      0.00     69.82      0.00      0.00     23.83
                all      0.03      0.00      0.46      0.01      0.00     99.50
end------
                all      0.06      0.00      0.21      0.00      0.00     99.73
                all      0.14      0.00      0.42      0.00      0.00     99.44
                all      0.14      0.00      0.42      0.00      0.00     99.43
start----
                all      0.15      0.00      1.15      0.02      0.00     98.68
                all      9.88      0.00     44.89      0.20      0.00     45.03
                all      0.05      0.00     94.36      0.00      0.00      5.59
                all      0.07      0.00     94.66      0.00      0.00      5.27
                all      0.05      0.00     94.73      0.00      0.00      5.22
                all      0.04      0.00     94.72      0.00      0.00      5.24
                all      3.14      0.00     89.44      0.00      0.00      7.42
                all      0.04      0.00     87.23      0.00      0.00     12.72
                all      0.05      0.00     87.23      0.00      0.00     12.71
                all      0.04      0.00     87.14      0.00      0.00     12.82
                all      0.04      0.00     87.36      0.00      0.00     12.60
                all      0.04      0.00     87.22      0.00      0.00     12.74
                all      6.38      0.00     80.96      0.00      0.00     12.66
                all      0.07      0.00      6.95      0.00      0.00     92.98
end------
                all      0.06      0.00      0.20      0.00      0.00     99.74
                all      0.13      0.00      0.43      0.00      0.00     99.44
                all      0.14      0.00      0.43      0.07      0.00     99.36
start----
                all      0.14      0.00      0.72      0.03      0.00     99.11
                all      9.72      0.00     43.96      0.15      0.00     46.17
                all      0.05      0.00     94.36      0.00      0.00      5.59
                all      0.05      0.00     94.64      0.00      0.00      5.31
                all      0.04      0.00     94.72      0.00      0.00      5.23
                all      0.05      0.00     94.72      0.00      0.00      5.24
                all      3.71      0.00     88.58      0.00      0.00      7.71
                all      0.04      0.00     87.33      0.00      0.00     12.64
                all      0.04      0.00     87.16      0.00      0.00     12.79
                all      0.05      0.00     87.28      0.00      0.00     12.67
                all      0.05      0.00     87.10      0.00      0.00     12.84
                all      0.05      0.00     87.24      0.00      0.00     12.71
                all      7.84      0.00     79.85      0.00      0.00     12.30
                all      0.08      0.00     10.17      0.00      0.00     89.75
end------
                all      0.04      0.00      0.14      0.00      0.00     99.83
                all      0.15      0.00      0.47      0.00      0.00     99.37
                all      0.13      0.00      0.43      0.00      0.00     99.43
start----
                all      0.14      0.00      0.40      0.00      0.00     99.46
                all      4.86      0.00     33.34      0.16      0.00     61.64
                all      4.94      0.00     85.65      0.00      0.00      9.41
                all      0.04      0.00     94.55      0.00      0.00      5.41
                all      0.04      0.00     94.73      0.00      0.00      5.23
                all      0.05      0.00     94.73      0.00      0.00      5.21
                all      3.02      0.00     89.34      0.00      0.00      7.64
                all      0.04      0.00     87.44      0.00      0.00     12.51
                all      0.04      0.00     87.13      0.00      0.00     12.83
                all      0.06      0.00     87.21      0.00      0.00     12.73
                all      0.04      0.00     87.15      0.00      0.00     12.81
                all      0.04      0.00     87.26      0.00      0.00     12.69
                all      3.70      0.00     84.37      0.00      0.00     11.94
                all      3.59      0.00     25.59      0.00      0.00     70.82
                all      0.00      0.00      0.04      0.00      0.00     99.95
end------
                all      0.12      0.00      0.41      0.00      0.00     99.47
                all      0.15      0.00      0.42      0.04      0.00     99.39
                all      0.14      0.00      0.43      0.03      0.00     99.40
End of data collecting unexpected
