
Linux 5.2.8200225+ (knl03.kisti.re.kr) 	2020년 04월 04일 	_x86_64_	(272 CPU)

                CPU     %user     %nice   %system   %iowait    %steal     %idle
                all      0.03      0.00      0.10      0.00      0.00     99.87
                all      0.02      0.00      0.08      0.15      0.00     99.75
                all      0.02      0.00      0.07      0.37      0.00     99.54
                all      0.01      0.00      0.07      0.37      0.00     99.55
                all      0.01      0.00      0.08      0.35      0.00     99.55
                all      0.03      0.00      0.14      0.24      0.00     99.59
                all      0.03      0.00      0.10      0.05      0.00     99.82
                all      0.03      0.00      0.12      0.00      0.00     99.85
                all      0.09      0.00      0.20      0.07      0.00     99.64
                all      0.01      0.00      0.41      0.01      0.00     99.57
                all      0.03      0.00      0.42      0.00      0.00     99.55
                all      0.01      0.00      0.08      0.00      0.00     99.91
                all      0.02      0.00      0.07      0.00      0.00     99.92
                all      0.01      0.00      0.07      0.00      0.00     99.92
start----
                all      0.08      0.00      1.47      0.01      0.00     98.44
                all      0.06      0.00      2.01      0.01      0.00     97.93
                all      0.01      0.00      0.07      0.00      0.00     99.91
                all      0.02      0.00      0.07      0.00      0.00     99.92
                all      0.01      0.00      0.08      0.07      0.00     99.84
                all      0.02      0.00      0.08      0.00      0.00     99.89
                all      0.10      0.00      2.43      0.01      0.00     97.46
                all      0.03      0.00      0.92      0.01      0.00     99.04
end------
                all      0.06      0.00      0.27      0.00      0.00     99.67
                all      0.10      0.00      0.46      0.00      0.00     99.43
                all      0.11      0.00      0.46      0.06      0.00     99.37
start----
                all      0.13      0.00      0.75      0.02      0.00     99.10
                all      0.05      0.00      2.87      0.00      0.00     97.08
end------
                all      0.01      0.00      0.04      0.00      0.00     99.94
                all      0.13      0.00      0.51      0.00      0.00     99.36
                all      0.11      0.00      0.45      0.00      0.00     99.43
                all      0.12      0.00      0.46      0.00      0.00     99.42
start----
                all      0.10      0.00      1.70      0.01      0.00     98.19
                all      0.04      0.00      2.99      0.00      0.00     96.97
                all      0.05      0.00      2.03      0.01      0.00     97.91
end------
                all      0.02      0.00      0.09      0.00      0.00     99.89
                all      0.12      0.00      0.46      0.00      0.00     99.42
                all      0.11      0.00      0.46      0.00      0.00     99.42
start----
                all      0.11      0.00      0.45      0.00      0.00     99.44
                all      0.08      0.00      2.31      0.01      0.00     97.59
                all      0.07      0.00      2.95      0.00      0.00     96.98
                all      0.07      0.00      1.30      0.01      0.00     98.62
end------
                all      0.04      0.00      0.22      0.00      0.00     99.74
                all      0.13      0.00      0.44      0.00      0.00     99.42
                all      0.10      0.00      0.47      0.00      0.00     99.42
start----
                all      0.08      0.00      0.35      0.00      0.00     99.56
                all      0.11      0.00      2.43      0.02      0.00     97.44
                all      0.03      0.00      3.00      0.00      0.00     96.97
                all      0.05      0.00      1.05      0.00      0.00     98.90
end------
                all      0.04      0.00      0.18      0.00      0.00     99.78
                all      0.11      0.00      0.46      0.00      0.00     99.43
                all      0.11      0.00      0.47      0.07      0.00     99.34
start----
                all      0.10      0.00      0.41      0.00      0.00     99.49
                all      0.08      0.00      2.81      0.01      0.00     97.09
                all      0.04      0.00      3.18      0.00      0.00     96.78
                all      0.06      0.00      3.57      0.00      0.00     96.37
                all      0.03      0.00      3.02      0.00      0.00     96.95
                all      0.09      0.00      1.50      0.00      0.00     98.41
end------
                all      0.02      0.00      0.07      0.00      0.00     99.91
                all      0.11      0.00      0.46      0.00      0.00     99.43
                all      0.11      0.00      0.46      0.07      0.00     99.35
start----
                all      0.11      0.00      0.47      0.00      0.00     99.42
                all      0.09      0.00      2.32      0.02      0.00     97.57
                all      0.04      0.00      3.06      0.00      0.00     96.90
                all      0.03      0.00      3.53      0.00      0.00     96.43
                all      0.05      0.00      3.09      0.00      0.00     96.86
                all      0.09      0.00      1.88      0.00      0.00     98.02
end------
                all      0.00      0.00      0.04      0.00      0.00     99.96
                all      0.21      0.00      0.57      0.01      0.00     99.21
                all      0.12      0.00      0.45      0.00      0.00     99.43
                all      0.11      0.00      0.46      0.00      0.00     99.42
start----
                all      0.08      0.00      2.01      0.01      0.00     97.89
                all      0.03      0.00      3.01      0.00      0.00     96.96
                all      0.03      0.00      3.58      0.00      0.00     96.39
                all      0.04      0.00      3.16      0.00      0.00     96.79
                all      0.08      0.00      2.21      0.00      0.00     97.71
                all      0.01      0.00      0.05      0.01      0.00     99.93
end------
                all      0.10      0.00      0.42      0.00      0.00     99.48
                all      0.11      0.00      0.46      0.01      0.00     99.41
                all      0.11      0.00      0.46      0.06      0.00     99.37
start----
                all      0.10      0.00      1.66      0.01      0.00     98.22
                all      0.04      0.00      3.01      0.00      0.00     96.95
                all      0.03      0.00      3.49      0.00      0.00     96.48
                all      0.03      0.00      3.60      0.00      0.00     96.37
                all      0.03      0.00      3.59      0.00      0.00     96.38
                all      0.03      0.00      3.24      0.36      0.00     96.37
                all      0.03      0.00      1.78      1.77      0.00     96.43
                all      1.48      0.00      1.39      0.52      0.00     96.60
                all      0.01      0.00      3.06      0.00      0.00     96.93
                all      0.04      0.00      3.10      0.00      0.00     96.86
                all      0.24      0.00      2.49      0.00      0.00     97.28
end------
                all      0.01      0.00      0.06      0.01      0.00     99.93
                all      0.10      0.00      0.44      0.00      0.00     99.46
                all      0.10      0.00      0.46      0.00      0.00     99.44
                all      0.11      0.00      0.46      0.00      0.00     99.43
start----
                all      0.10      0.00      1.76      0.02      0.00     98.12
                all      0.03      0.00      3.00      0.00      0.00     96.96
                all      0.03      0.00      3.43      0.00      0.00     96.54
                all      0.03      0.00      3.53      0.00      0.00     96.44
                all      0.03      0.00      3.49      0.00      0.00     96.48
                all      0.03      0.00      3.41      0.14      0.00     96.42
                all      0.32      0.00      2.19      0.87      0.00     96.62
                all      0.01      0.00      3.06      0.00      0.00     96.93
                all      0.02      0.00      3.02      0.00      0.00     96.96
                all      0.13      0.00      2.01      0.07      0.00     97.79
                all      0.00      0.00      0.06      0.00      0.00     99.94
end------
                all      0.09      0.00      0.37      0.00      0.00     99.54
                all      0.11      0.00      0.45      0.06      0.00     99.37
                all      0.11      0.00      0.46      0.01      0.00     99.41
start----
                all      0.10      0.00      1.39      0.02      0.00     98.48
                all      0.03      0.00      3.00      0.00      0.00     96.97
                all      0.04      0.00      3.36      0.00      0.00     96.60
                all      0.04      0.00      3.53      0.00      0.00     96.44
                all      0.03      0.00      3.53      0.00      0.00     96.43
                all      0.03      0.00      3.49      0.01      0.00     96.47
                all      0.19      0.00      2.13      1.11      0.00     96.57
                all      0.02      0.00      3.09      0.00      0.00     96.89
                all      0.01      0.00      3.02      0.00      0.00     96.97
                all      0.40      0.00      2.64      0.00      0.00     96.96
                all      0.09      0.00      0.10      0.00      0.00     99.80
end------
                all      0.08      0.00      0.38      0.00      0.00     99.54
                all      0.11      0.00      0.47      0.00      0.00     99.42
                all      0.11      0.00      0.46      0.00      0.00     99.43
start----
                all      0.15      0.00      2.50      0.02      0.00     97.33
                all      0.05      0.00      3.31      0.00      0.00     96.64
end------
                all      0.03      0.00      0.17      0.00      0.00     99.80
                all      0.12      0.00      0.46      0.00      0.00     99.42
                all      0.11      0.00      0.47      0.00      0.00     99.41
start----
                all      0.10      0.00      0.41      0.00      0.00     99.49
                all      0.22      0.00      5.26      0.01      0.00     94.51
                all      0.03      0.00      0.38      0.01      0.00     99.58
end------
                all      0.10      0.00      0.38      0.00      0.00     99.52
                all      0.11      0.00      0.46      0.00      0.00     99.43
                all      0.11      0.00      0.46      0.00      0.00     99.42
start----
                all      0.17      0.00      2.40      0.03      0.00     97.40
                all      0.07      0.00      3.38      0.00      0.00     96.54
end------
                all      0.04      0.00      0.15      0.00      0.00     99.81
                all      0.11      0.00      0.46      0.00      0.00     99.42
                all      0.12      0.00      0.46      0.00      0.00     99.41
start----
                all      0.12      0.00      0.41      0.00      0.00     99.47
                all      0.13      0.00      5.13      0.02      0.00     94.71
                all      0.07      0.00      5.68      0.00      0.00     94.25
                all      0.02      0.00      0.05      0.00      0.00     99.92
end------
                all      0.10      0.00      0.41      0.00      0.00     99.49
                all      0.11      0.00      0.46      0.00      0.00     99.43
                all      0.11      0.00      0.46      0.00      0.00     99.43
start----
                all      0.17      0.00      3.02      0.02      0.00     96.79
                all      0.06      0.00      5.94      0.00      0.00     94.01
                all      0.05      0.00      2.06      0.01      0.00     97.88
end------
                all      0.08      0.00      0.31      0.00      0.00     99.61
                all      0.12      0.00      0.45      0.00      0.00     99.43
                all      0.12      0.00      0.47      0.00      0.00     99.41
start----
                all      0.19      0.00      0.67      0.03      0.00     99.12
                all      0.04      0.00      5.94      0.00      0.00     94.02
                all      0.07      0.00      4.57      0.00      0.00     95.35
end------
                all      0.01      0.00      0.05      0.00      0.00     99.94
                all      0.12      0.00      0.45      0.00      0.00     99.43
                all      0.11      0.00      0.46      0.07      0.00     99.36
                all      0.11      0.00      0.45      0.00      0.00     99.43
start----
                all      0.16      0.00      3.85      0.02      0.00     95.97
                all      0.04      0.00      6.12      0.00      0.00     93.84
                all      1.06      0.00      5.37      0.00      0.00     93.56
                all      0.01      0.00      5.98      0.00      0.00     94.01
                all      0.22      0.00      1.54      0.00      0.00     98.25
end------
                all      0.06      0.00      0.29      0.00      0.00     99.65
                all      0.11      0.00      0.45      0.00      0.00     99.44
                all      0.12      0.00      0.45      0.07      0.00     99.36
start----
                all      0.20      0.00      1.17      0.02      0.00     98.61
                all      0.05      0.00      5.94      0.00      0.00     94.01
                all      0.12      0.00      6.31      0.00      0.00     93.57
                all      0.02      0.00      6.02      0.00      0.00     93.96
                all      0.42      0.00      2.97      0.00      0.00     96.60
end------
                all      0.01      0.00      0.06      0.00      0.00     99.93
                all      0.11      0.00      0.46      0.00      0.00     99.43
                all      0.10      0.00      0.46      0.07      0.00     99.37
                all      0.11      0.00      0.46      0.00      0.00     99.43
start----
                all      0.15      0.00      4.07      0.03      0.00     95.75
                all      0.04      0.00      6.15      0.00      0.00     93.81
                all      0.11      0.00      6.17      0.00      0.00     93.71
                all      0.27      0.00      5.71      0.00      0.00     94.02
                all      0.13      0.00      0.16      0.00      0.00     99.71
end------
                all      0.10      0.00      0.42      0.00      0.00     99.48
                all      0.12      0.00      0.45      0.00      0.00     99.42
                all      0.11      0.00      0.46      0.00      0.00     99.43
start----
                all      0.17      0.00      2.47      0.01      0.00     97.35
                all      0.04      0.00      6.01      0.00      0.00     93.95
                all      0.04      0.00      6.47      0.00      0.00     93.49
                all      0.04      0.00      6.47      0.00      0.00     93.48
                all      0.03      0.00      4.27      2.19      0.00     93.51
                all      0.21      0.00      5.25      0.61      0.00     93.92
                all      0.01      0.00      5.98      0.00      0.00     94.00
                all      0.02      0.00      5.98      0.00      0.00     94.00
                all      0.16      0.00      1.73      0.00      0.00     98.10
end------
                all      0.06      0.00      0.28      0.00      0.00     99.66
                all      0.11      0.00      0.45      0.00      0.00     99.44
                all      0.12      0.00      0.45      0.00      0.00     99.44
start----
                all      0.20      0.00      1.11      0.02      0.00     98.67
                all      0.05      0.00      5.95      0.00      0.00     94.01
                all      0.03      0.00      6.43      0.00      0.00     93.54
                all      0.03      0.00      6.51      0.00      0.00     93.45
                all      0.04      0.00      5.22      1.21      0.00     93.53
                all      0.46      0.00      4.11      1.64      0.00     93.79
                all      0.01      0.00      5.97      0.00      0.00     94.02
                all      0.01      0.00      5.98      0.00      0.00     94.01
                all      0.14      0.00      3.77      0.01      0.00     96.08
end------
                all      0.01      0.00      0.04      0.00      0.00     99.95
                all      0.11      0.00      0.43      0.00      0.00     99.46
                all      0.11      0.00      0.45      0.05      0.00     99.39
                all      0.10      0.00      0.46      0.02      0.00     99.42
start----
                all      0.16      0.00      3.46      0.02      0.00     96.36
                all      0.04      0.00      6.12      0.00      0.00     93.84
                all      0.04      0.00      6.48      0.00      0.00     93.48
                all      0.04      0.00      6.49      0.00      0.00     93.47
                all      0.12      0.00      3.70      2.59      0.00     93.59
                all      1.13      0.00      4.77      0.23      0.00     93.86
                all      0.02      0.00      5.98      0.00      0.00     94.00
                all      0.01      0.00      5.97      0.00      0.00     94.02
                all      0.41      0.00      2.70      0.01      0.00     96.88
end------
                all      0.02      0.00      0.09      0.00      0.00     99.89
                all      0.11      0.00      0.46      0.00      0.00     99.43
                all      0.11      0.00      0.45      0.00      0.00     99.44
                all      0.11      0.00      0.46      0.00      0.00     99.42
start----
                all      0.29      0.00      8.31      0.02      0.00     91.38
                all      0.05      0.00      2.82      0.00      0.00     97.12
end------
                all      0.07      0.00      0.30      0.00      0.00     99.63
                all      0.11      0.00      0.45      0.00      0.00     99.44
                all      0.11      0.00      0.45      0.00      0.00     99.44
start----
                all      0.31      0.00      2.45      0.03      0.00     97.22
                all      0.15      0.00      8.91      0.00      0.00     90.94
end------
                all      0.01      0.00      0.07      0.00      0.00     99.92
                all      0.11      0.00      0.45      0.00      0.00     99.44
                all      0.12      0.00      0.46      0.00      0.00     99.42
                all      0.12      0.00      0.45      0.00      0.00     99.43
start----
                all      0.33      0.00      7.95      0.03      0.00     91.69
                all      0.06      0.00      3.10      0.01      0.00     96.82
end------
                all      0.07      0.00      0.28      0.00      0.00     99.66
                all      0.13      0.00      0.44      0.00      0.00     99.44
                all      0.11      0.00      0.45      0.00      0.00     99.44
start----
                all      0.29      0.00      2.06      0.03      0.00     97.62
                all      0.10      0.00     11.77      0.00      0.00     88.13
                all      0.07      0.00      7.84      0.00      0.00     92.09
end------
                all      0.02      0.00      0.11      0.00      0.00     99.87
                all      0.11      0.00      0.46      0.00      0.00     99.44
                all      0.11      0.00      0.45      0.00      0.00     99.43
start----
                all      0.10      0.00      0.45      0.00      0.00     99.45
                all      0.26      0.00      8.87      0.03      0.00     90.85
                all      0.14      0.00     11.76      0.00      0.00     88.10
                all      0.07      0.00      0.79      0.00      0.00     99.14
end------
                all      0.08      0.00      0.36      0.00      0.00     99.56
                all      0.12      0.00      0.45      0.00      0.00     99.43
                all      0.11      0.00      0.45      0.00      0.00     99.43
start----
                all      0.29      0.00      4.14      0.02      0.00     95.55
                all      0.07      0.00     11.82      0.00      0.00     88.12
                all      0.06      0.00      5.56      0.00      0.00     94.38
end------
                all      0.04      0.00      0.18      0.00      0.00     99.78
                all      0.11      0.00      0.46      0.00      0.00     99.43
                all      0.12      0.00      0.45      0.07      0.00     99.36
start----
                all      0.11      0.00      0.41      0.00      0.00     99.47
                all      0.28      0.00     11.21      0.02      0.00     88.49
                all      0.04      0.00     12.27      0.00      0.00     87.69
                all      0.13      0.00     11.83      0.01      0.00     88.04
                all      0.15      0.00      7.58      0.00      0.00     92.27
end------
                all      0.03      0.00      0.11      0.00      0.00     99.86
                all      0.10      0.00      0.46      0.00      0.00     99.44
                all      0.11      0.00      0.46      0.00      0.00     99.43
start----
                all      0.10      0.00      0.44      0.00      0.00     99.46
                all      0.26      0.00      9.19      0.03      0.00     90.52
                all      0.04      0.00     12.16      0.00      0.00     87.80
                all      0.13      0.00     11.95      0.00      0.00     87.92
                all      0.18      0.00      9.62      0.00      0.00     90.20
end------
                all      0.03      0.00      0.11      0.00      0.00     99.85
                all      0.11      0.00      0.46      0.00      0.00     99.42
                all      0.11      0.00      0.46      0.00      0.00     99.43
                all      0.11      0.00      0.45      0.00      0.00     99.43
start----
                all      0.28      0.00      7.14      0.02      0.00     92.57
                all      0.03      0.00     12.05      0.00      0.00     87.91
                all      0.19      0.00     12.00      0.01      0.00     87.80
                all      0.17      0.00     11.72      0.00      0.00     88.11
                all      0.26      0.00      0.31      0.01      0.00     99.43
end------
                all      0.07      0.00      0.29      0.00      0.00     99.64
                all      0.11      0.00      0.46      0.00      0.00     99.43
                all      0.12      0.00      0.46      0.00      0.00     99.42
start----
                all      0.31      0.00      2.14      0.03      0.00     97.53
                all      0.04      0.00     11.84      0.00      0.00     88.12
                all      0.04      0.00     12.37      0.00      0.00     87.59
                all      0.03      0.00     12.39      0.00      0.00     87.57
                all      0.44      0.00     12.03      0.00      0.00     87.53
                all      0.02      0.00     11.98      0.00      0.00     88.01
                all      0.02      0.00     11.88      0.00      0.00     88.10
                all      0.02      0.00     11.88      0.00      0.00     88.11
                all      0.57      0.00      1.03      0.00      0.00     98.40
end------
                all      0.06      0.00      0.30      0.00      0.00     99.64
                all      0.12      0.00      0.45      0.00      0.00     99.44
                all      0.12      0.00      0.44      0.00      0.00     99.43
start----
                all      0.31      0.00      1.10      0.03      0.00     98.56
                all      0.04      0.00     11.84      0.00      0.00     88.12
                all      0.03      0.00     12.33      0.00      0.00     87.64
                all      0.03      0.00     12.44      0.00      0.00     87.53
                all      0.30      0.00     12.16      0.00      0.00     87.54
                all      1.36      0.00     10.68      0.01      0.00     87.94
                all      0.02      0.00     11.88      0.00      0.00     88.10
                all      0.02      0.00     11.88      0.00      0.00     88.10
                all      0.38      0.00      3.71      0.00      0.00     95.90
end------
                all      0.06      0.00      0.24      0.00      0.00     99.70
                all      0.11      0.00      0.45      0.00      0.00     99.44
                all      0.11      0.00      0.46      0.00      0.00     99.43
start----
                all      0.31      0.00      1.15      0.03      0.00     98.51
                all      0.04      0.00     11.84      0.00      0.00     88.12
                all      0.03      0.00     12.34      0.00      0.00     87.63
                all      0.03      0.00     12.45      0.00      0.00     87.52
                all      0.16      0.00     12.33      0.00      0.00     87.52
                all      0.02      0.00     11.92      0.00      0.00     88.06
                all      0.02      0.00     11.88      0.00      0.00     88.10
                all      0.01      0.00     11.87      0.00      0.00     88.11
                all      0.24      0.00      1.58      0.00      0.00     98.19
end------
                all      0.08      0.00      0.34      0.00      0.00     99.58
                all      0.11      0.00      0.45      0.00      0.00     99.44
                all      0.13      0.00      0.45      0.07      0.00     99.36
start----
                all      0.63      0.00      5.47      0.04      0.00     93.86
                all      0.26      0.00     17.16      0.00      0.00     82.58
end------
                all      0.01      0.00      0.06      0.00      0.00     99.94
                all      0.12      0.00      0.46      0.00      0.00     99.42
                all      0.11      0.00      0.45      0.07      0.00     99.36
                all      0.11      0.00      0.45      0.00      0.00     99.43
start----
                all      0.68      0.00     14.14      0.04      0.00     85.13
                all      0.14      0.00      8.33      0.00      0.00     91.53
end------
                all      0.05      0.00      0.21      0.00      0.00     99.74
                all      0.11      0.00      0.46      0.00      0.00     99.43
                all      0.11      0.00      0.45      0.07      0.00     99.36
start----
                all      0.22      0.00      1.31      0.04      0.00     98.43
                all      0.72      0.00     21.53      0.01      0.00     77.73
                all      0.02      0.00      0.08      0.00      0.00     99.89
end------
                all      0.10      0.00      0.38      0.00      0.00     99.52
                all      0.12      0.00      0.45      0.00      0.00     99.44
                all      0.11      0.00      0.45      0.00      0.00     99.43
start----
                all      0.62      0.00      7.81      0.10      0.00     91.46
                all      0.15      0.00     23.55      0.00      0.00     76.30
                all      0.15      0.00     11.37      0.00      0.00     88.48
end------
                all      0.04      0.00      0.18      0.00      0.00     99.78
                all      0.11      0.00      0.46      0.00      0.00     99.43
                all      0.11      0.00      0.45      0.07      0.00     99.37
start----
                all      0.11      0.00      0.40      0.00      0.00     99.48
                all      0.64      0.00     20.09      0.04      0.00     79.23
                all      0.26      0.00     22.14      0.00      0.00     77.60
                all      0.02      0.00      0.05      0.00      0.00     99.93
end------
                all      0.10      0.00      0.42      0.00      0.00     99.48
                all      0.12      0.00      0.44      0.00      0.00     99.44
                all      0.12      0.00      0.45      0.00      0.00     99.44
start----
                all      0.65      0.00      9.65      0.07      0.00     89.63
                all      0.15      0.00     23.54      0.00      0.00     76.31
                all      0.14      0.00      9.25      0.00      0.00     90.61
end------
                all      0.06      0.00      0.22      0.00      0.00     99.73
                all      0.11      0.00      0.45      0.00      0.00     99.44
                all      0.12      0.00      0.44      0.07      0.00     99.37
start----
                all      0.17      0.00      1.21      0.06      0.00     98.56
                all      0.53      0.00     21.59      0.01      0.00     77.86
                all      0.05      0.00     24.02      0.00      0.00     75.93
                all      0.14      0.00     23.54      0.01      0.00     76.31
                all      0.35      0.00     13.83      0.00      0.00     85.82
end------
                all      0.01      0.00      0.06      0.00      0.00     99.93
                all      0.13      0.00      0.44      0.00      0.00     99.43
                all      0.12      0.00      0.46      0.00      0.00     99.42
                all      0.11      0.00      0.46      0.00      0.00     99.42
start----
                all      0.62      0.00     12.99      0.11      0.00     86.28
                all      0.04      0.00     23.83      0.00      0.00     76.13
                all      0.22      0.00     23.44      0.00      0.00     76.34
                all      0.27      0.00     23.47      0.00      0.00     76.26
                all      0.29      0.00      0.87      0.01      0.00     98.83
end------
                all      0.19      0.00      0.41      0.01      0.00     99.39
                all      0.12      0.00      0.44      0.00      0.00     99.44
                all      0.12      0.00      0.45      0.00      0.00     99.43
start----
                all      0.66      0.00      2.71      0.05      0.00     96.57
                all      0.04      0.00     23.64      0.00      0.00     76.33
                all      0.19      0.00     23.63      0.02      0.00     76.16
                all      0.01      0.00     23.70      0.01      0.00     76.27
                all      0.59      0.00     10.51      0.00      0.00     88.90
end------
                all      0.04      0.00      0.18      0.00      0.00     99.78
                all      0.13      0.00      0.44      0.00      0.00     99.44
                all      0.11      0.00      0.45      0.07      0.00     99.36
start----
                all      0.10      0.00      0.41      0.00      0.00     99.49
                all      0.64      0.00     20.16      0.05      0.00     79.15
                all      0.04      0.00     24.06      0.00      0.00     75.89
                all      0.04      0.00     24.22      0.00      0.00     75.74
                all      0.04      0.00     24.13      0.00      0.00     75.82
                all      0.67      0.00     23.04      0.00      0.00     76.28
                all      0.01      0.00     23.69      0.00      0.00     76.30
                all      0.01      0.00     23.70      0.00      0.00     76.29
                all      0.51      0.00      5.27      0.01      0.00     94.21
end------
                all      0.06      0.00      0.27      0.00      0.00     99.67
                all      0.10      0.00      0.46      0.00      0.00     99.44
                all      0.14      0.00      0.52      0.00      0.00     99.34
start----
                all      0.82      0.00      2.61      0.04      0.00     96.53
                all      0.04      0.00     23.63      0.00      0.00     76.33
                all      0.04      0.00     24.21      0.00      0.00     75.75
                all      0.05      0.00     24.23      0.00      0.00     75.72
                all      0.25      0.00     23.77      0.00      0.00     75.98
                all      0.02      0.00     23.70      0.02      0.00     76.26
                all      0.04      0.00     23.68      0.00      0.00     76.28
                all      0.37      0.00     23.35      0.00      0.00     76.28
                all      0.38      0.00      0.72      0.00      0.00     98.90
end------
                all      0.06      0.00      0.25      0.00      0.00     99.69
                all      0.13      0.00      0.45      0.00      0.00     99.42
                all      0.13      0.00      0.44      0.07      0.00     99.36
start----
                all      0.33      0.00      1.40      0.04      0.00     98.22
                all      0.39      0.00     22.78      0.01      0.00     76.82
                all      0.04      0.00     24.05      0.00      0.00     75.91
                all      0.04      0.00     24.13      0.00      0.00     75.83
                all      0.32      0.00     23.65      0.00      0.00     76.03
                all      0.02      0.00     23.70      0.01      0.00     76.26
                all      0.01      0.00     23.69      0.00      0.00     76.29
                all      0.02      0.00     23.68      0.00      0.00     76.30
                all      0.60      0.00      1.98      0.00      0.00     97.42
end------
                all      0.07      0.00      0.27      0.00      0.00     99.66
                all      0.13      0.00      0.44      0.00      0.00     99.43
                all      0.12      0.00      0.44      0.00      0.00     99.44
start----
                all      0.34      0.00      3.71      0.04      0.00     95.91
                all      2.33      0.00     38.67      0.03      0.00     58.97
                all      0.53      0.00     18.54      0.00      0.00     80.93
end------
                all      0.04      0.00      0.16      0.00      0.00     99.81
                all      0.12      0.00      0.45      0.00      0.00     99.44
                all      0.13      0.00      0.44      0.07      0.00     99.36
start----
                all      0.11      0.00      0.41      0.00      0.00     99.48
                all      2.61      0.00     34.37      0.06      0.00     62.96
                all      0.58      0.00     26.12      0.00      0.00     73.30
end------
                all      0.02      0.00      0.09      0.00      0.00     99.90
                all      0.12      0.00      0.44      0.00      0.00     99.44
                all      0.13      0.00      0.45      0.08      0.00     99.34
start----
                all      0.12      0.00      0.43      0.00      0.00     99.45
                all      2.12      0.00     27.25      0.13      0.00     70.51
                all      1.01      0.00     33.81      0.00      0.00     65.17
end------
                all      0.01      0.00      0.03      0.00      0.00     99.96
                all      0.11      0.00      0.45      0.00      0.00     99.43
                all      0.12      0.00      0.45      0.00      0.00     99.43
                all      0.13      0.00      0.44      0.00      0.00     99.43
start----
                all      2.15      0.00     18.63      0.06      0.00     79.16
                all      0.48      0.00     46.50      0.00      0.00     53.01
                all      0.53      0.00     45.07      0.00      0.00     54.40
                all      0.03      0.00      0.75      0.00      0.00     99.22
end------
                all      0.09      0.00      0.33      0.00      0.00     99.58
                all      0.12      0.00      0.44      0.00      0.00     99.44
                all      0.11      0.00      0.45      0.00      0.00     99.44
start----
                all      1.98      0.00      8.56      0.08      0.00     89.38
                all      0.33      0.00     46.17      0.00      0.00     53.50
                all      0.48      0.00     45.68      0.00      0.00     53.84
                all      0.53      0.00     10.33      0.00      0.00     89.13
end------
                all      0.06      0.00      0.22      0.00      0.00     99.72
                all      0.12      0.00      0.45      0.00      0.00     99.43
                all      0.13      0.00      0.44      0.00      0.00     99.44
start----
                all      0.36      0.00      3.80      0.05      0.00     95.79
                all      1.89      0.00     39.89      0.03      0.00     58.19
                all      0.45      0.00     46.03      0.00      0.00     53.52
                all      0.58      0.00     20.69      0.00      0.00     78.73
end------
                all      0.04      0.00      0.15      0.00      0.00     99.80
                all      0.13      0.00      0.44      0.00      0.00     99.43
                all      0.13      0.00      0.44      0.00      0.00     99.43
start----
                all      0.11      0.00      0.42      0.00      0.00     99.47
                all      2.16      0.00     31.04      0.07      0.00     66.73
                all      0.04      0.00     47.38      0.00      0.00     52.58
                all      0.49      0.00     45.13      0.04      0.00     54.34
                all      0.02      0.00     46.22      0.00      0.00     53.77
                all      2.02      0.00     38.20      0.00      0.00     59.78
end------
                all      0.03      0.00      0.06      0.00      0.00     99.91
                all      0.12      0.00      0.42      0.00      0.00     99.46
                all      0.12      0.00      0.45      0.00      0.00     99.43
                all      0.11      0.00      0.45      0.00      0.00     99.44
start----
                all      2.07      0.00     12.09      0.06      0.00     85.78
                all      0.04      0.00     47.25      0.00      0.00     52.71
                all      0.04      0.00     47.63      0.00      0.00     52.33
                all      0.48      0.00     45.04      0.01      0.00     54.47
                all      0.01      0.00     46.26      0.00      0.00     53.73
                all      1.21      0.00     12.82      0.00      0.00     85.97
end------
                all      0.04      0.00      0.16      0.00      0.00     99.80
                all      0.12      0.00      0.44      0.00      0.00     99.44
                all      0.12      0.00      0.44      0.00      0.00     99.44
start----
                all      0.11      0.00      0.41      0.00      0.00     99.47
                all      2.24      0.00     29.05      0.10      0.00     68.61
                all      0.04      0.00     47.36      0.00      0.00     52.60
                all      0.45      0.00     45.63      0.03      0.00     53.90
                all      0.02      0.00     46.25      0.00      0.00     53.73
                all      1.59      0.00     40.41      0.00      0.00     58.01
                all      0.02      0.00      0.08      0.00      0.00     99.89
end------
                all      0.09      0.00      0.34      0.00      0.00     99.57
                all      0.12      0.00      0.45      0.00      0.00     99.44
                all      0.13      0.00      0.43      0.00      0.00     99.44
start----
                all      1.00      0.00      5.42      0.05      0.00     93.53
                all      1.11      0.00     45.38      0.03      0.00     53.48
                all      0.06      0.00     47.57      0.00      0.00     52.36
                all      0.05      0.00     47.71      0.01      0.00     52.23
                all      0.04      0.00     47.83      0.00      0.00     52.12
                all      0.47      0.00     46.02      0.01      0.00     53.50
                all      0.02      0.00     46.21      0.00      0.00     53.77
                all      0.03      0.00     46.29      0.00      0.00     53.68
                all      0.02      0.00     46.18      0.00      0.00     53.81
                all      1.15      0.00     35.72      0.00      0.00     63.13
                all      0.02      0.00      0.07      0.01      0.00     99.90
end------
                all      0.09      0.00      0.36      0.00      0.00     99.55
                all      0.13      0.00      0.43      0.00      0.00     99.44
                all      0.12      0.00      0.44      0.00      0.00     99.44
start----
                all      2.19      0.00      8.68      0.10      0.00     89.03
                all      0.18      0.00     46.54      0.00      0.00     53.31
                all      0.04      0.00     47.69      0.00      0.00     52.27
                all      0.04      0.00     47.86      0.00      0.00     52.10
                all      0.05      0.00     47.82      0.00      0.00     52.13
                all      0.46      0.00     45.71      0.03      0.00     53.79
                all      0.02      0.00     46.23      0.00      0.00     53.75
                all      0.02      0.00     46.25      0.00      0.00     53.74
                all      0.02      0.00     46.20      0.00      0.00     53.78
                all      1.30      0.00     31.33      0.00      0.00     67.37
end------
                all      0.01      0.00      0.03      0.00      0.00     99.96
                all      0.12      0.00      0.44      0.00      0.00     99.44
                all      0.13      0.00      0.44      0.06      0.00     99.37
                all      0.15      0.00      0.53      0.00      0.00     99.31
start----
                all      2.13      0.00     21.34      0.06      0.00     76.46
                all      0.04      0.00     47.27      0.00      0.00     52.69
                all      0.05      0.00     47.71      0.00      0.00     52.24
                all      0.05      0.00     47.69      0.00      0.00     52.25
                all      0.04      0.00     47.72      0.00      0.00     52.24
                all      0.50      0.00     45.08      0.05      0.00     54.37
                all      0.02      0.00     46.23      0.00      0.00     53.75
                all      0.02      0.00     46.25      0.00      0.00     53.74
                all      0.02      0.00     46.15      0.00      0.00     53.83
                all      1.54      0.00     21.00      0.00      0.00     77.46
end------
                all      0.02      0.00      0.07      0.00      0.00     99.91
                all      0.13      0.00      0.44      0.00      0.00     99.44
                all      0.13      0.00      0.43      0.00      0.00     99.44
                all      0.14      0.00      0.42      0.00      0.00     99.43
start----
                all      2.63      0.00     24.80      0.12      0.00     72.45
                all     14.03      0.00     67.83      0.15      0.00     17.99
                all     10.07      0.00     76.75      0.00      0.00     13.18
                all      0.08      0.00     14.44      0.00      0.00     85.49
end------
                all      0.02      0.00      0.08      0.00      0.00     99.90
                all      0.13      0.00      0.45      0.00      0.00     99.42
                all      0.13      0.00      0.45      0.07      0.00     99.36
                all      0.13      0.00      0.44      0.00      0.00     99.43
start----
                all      4.34      0.00     27.75      0.14      0.00     67.77
                all     10.50      0.00     70.98      0.38      0.00     18.14
                all      8.62      0.00     78.97      0.00      0.00     12.41
                all      0.07      0.00      9.68      0.00      0.00     90.24
end------
                all      0.03      0.00      0.10      0.00      0.00     99.88
                all      0.13      0.00      0.43      0.00      0.00     99.44
                all      0.13      0.00      0.44      0.07      0.00     99.36
start----
                all      0.13      0.00      0.41      0.00      0.00     99.45
                all      5.82      0.00     32.64      0.19      0.00     61.35
                all     13.72      0.00     70.73      0.11      0.00     15.44
                all      6.68      0.00     78.55      0.00      0.00     14.77
                all      0.07      0.00      5.42      0.00      0.00     94.51
end------
                all      0.05      0.00      0.14      0.00      0.00     99.82
                all      0.24      0.00      0.58      0.01      0.00     99.17
                all      0.14      0.00      0.42      0.00      0.00     99.44
start----
                all      0.18      0.00      0.42      0.03      0.00     99.37
                all      7.46      0.00     36.12      0.15      0.00     56.26
                all      4.84      0.00     75.45      0.04      0.00     19.67
                all      5.40      0.00     81.40      0.00      0.00     13.20
                all      0.04      0.00     87.26      0.00      0.00     12.70
                all      4.23      0.00     35.14      0.00      0.00     60.62
end------
                all      0.03      0.00      0.06      0.01      0.00     99.90
                all      0.17      0.00      0.67      0.00      0.00     99.15
                all      0.23      0.00      0.51      0.01      0.00     99.25
                all      0.15      0.00      0.54      0.07      0.00     99.24
start----
                all      3.94      0.00     23.42      0.10      0.00     72.54
                all     11.15      0.00     67.61      0.09      0.00     21.15
                all      5.07      0.00     82.37      0.06      0.00     12.49
                all      0.07      0.00     87.33      0.30      0.00     12.30
                all      5.08      0.00     55.67      0.09      0.00     39.16
                all      0.03      0.00      0.18      0.01      0.00     99.78
end------
                all      0.11      0.00      0.37      0.00      0.00     99.52
                all      0.14      0.00      0.42      0.00      0.00     99.44
                all      0.13      0.00      0.43      0.00      0.00     99.44
start----
                all      0.74      0.00     10.78      0.06      0.00     88.43
                all     10.85      0.00     47.23      0.15      0.00     41.77
                all      0.26      0.00     87.12      0.00      0.00     12.62
                all      5.56      0.00     80.98      0.00      0.00     13.47
                all      6.93      0.00     81.26      0.01      0.00     11.80
                all      0.09      0.00     11.39      0.02      0.00     88.51
end------
                all      0.05      0.00      0.17      0.00      0.00     99.78
                all      0.13      0.00      0.43      0.00      0.00     99.44
                all      0.13      0.00      0.43      0.00      0.00     99.44
start----
                all      0.12      0.00      0.39      0.01      0.00     99.49
                all      9.86      0.00     39.65      0.20      0.00     50.29
                all      0.41      0.00     83.71      0.00      0.00     15.87
                all      0.11      0.00     87.45      0.01      0.00     12.43
                all      0.12      0.00     87.88      0.00      0.00     12.00
                all      5.03      0.00     80.41      0.00      0.00     14.56
                all      0.04      0.00     87.25      0.00      0.00     12.71
                all      0.06      0.00     87.18      0.00      0.00     12.76
                all      5.88      0.00     43.64      0.00      0.00     50.48
end------
                all      0.01      0.00      0.05      0.01      0.00     99.92
                all      0.12      0.00      0.39      0.00      0.00     99.48
                all      0.14      0.00      0.43      0.00      0.00     99.43
                all      0.14      0.00      0.43      0.00      0.00     99.43
start----
                all      2.64      0.00     14.52      0.11      0.00     82.72
                all     10.02      0.00     65.64      0.10      0.00     24.24
                all      0.09      0.00     87.35      0.00      0.00     12.55
                all      0.10      0.00     87.79      0.00      0.00     12.10
                all      5.35      0.00     80.80      0.00      0.00     13.85
                all      0.05      0.00     87.31      0.00      0.00     12.64
                all      0.04      0.00     87.17      0.00      0.00     12.80
                all      7.20      0.00     79.84      0.00      0.00     12.96
                all      0.07      0.00      6.23      0.00      0.00     93.70
end------
                all      0.03      0.00      0.13      0.00      0.00     99.84
                all      0.14      0.00      0.43      0.00      0.00     99.42
                all      0.14      0.00      0.44      0.00      0.00     99.42
start----
                all      0.13      0.00      0.40      0.00      0.00     99.47
                all      5.66      0.00     33.35      0.12      0.00     60.87
                all      9.72      0.00     72.97      0.21      0.00     17.11
                all      0.11      0.00     87.42      0.00      0.00     12.47
                all      0.15      0.00     87.93      0.00      0.00     11.92
                all      5.45      0.00     74.23      0.00      0.00     20.32
                all      0.04      0.00     87.28      0.00      0.00     12.68
                all      0.04      0.00     87.22      0.00      0.00     12.74
                all      9.08      0.00     52.80      0.00      0.00     38.12
                all      0.04      0.00      0.11      0.00      0.00     99.85
end------
                all      0.07      0.00      0.28      0.00      0.00     99.64
                all      0.14      0.00      0.44      0.00      0.00     99.42
                all      0.14      0.00      0.44      0.00      0.00     99.42
start----
                all      0.61      0.00      9.17      0.04      0.00     90.17
                all     10.36      0.00     46.32      0.19      0.00     43.13
                all      0.11      0.00     87.19      0.00      0.00     12.69
                all      0.09      0.00     87.62      0.00      0.00     12.29
                all      0.10      0.00     88.01      0.00      0.00     11.90
                all      0.11      0.00     88.03      0.00      0.00     11.86
                all      0.11      0.00     88.08      0.00      0.00     11.81
                all      0.10      0.00     87.93      0.00      0.00     11.96
                all      5.22      0.00     80.42      0.00      0.00     14.36
                all      0.06      0.00     87.15      0.00      0.00     12.79
                all      0.05      0.00     87.23      0.00      0.00     12.72
                all      0.04      0.00     87.16      0.00      0.00     12.79
                all      0.04      0.00     87.23      0.00      0.00     12.73
                all      0.04      0.00     87.27      0.00      0.00     12.69
                all      5.56      0.00     48.05      0.00      0.00     46.39
                all      0.03      0.00      0.09      0.01      0.00     99.88
end------
                all      0.09      0.00      0.31      0.00      0.00     99.60
                all      0.14      0.00      0.43      0.00      0.00     99.43
                all      0.15      0.00      0.52      0.00      0.00     99.32
start----
                all      0.83      0.00     11.76      0.07      0.00     87.33
                all     10.76      0.00     45.28      0.22      0.00     43.74
                all      0.10      0.00     87.19      0.00      0.00     12.70
                all      0.12      0.00     87.77      0.00      0.00     12.11
                all      0.09      0.00     88.21      0.00      0.00     11.70
                all      0.09      0.00     88.03      0.00      0.00     11.88
                all      0.10      0.00     88.09      0.00      0.00     11.81
                all      0.17      0.00     88.02      0.00      0.00     11.81
                all      5.21      0.00     80.45      0.00      0.00     14.34
                all      0.05      0.00     87.24      0.00      0.00     12.71
                all      0.05      0.00     87.15      0.00      0.00     12.79
                all      0.05      0.00     87.28      0.00      0.00     12.67
                all      0.04      0.00     87.21      0.00      0.00     12.74
                all      0.04      0.00     87.13      0.00      0.00     12.83
                all      5.20      0.00     41.44      0.00      0.00     53.36
                all      0.03      0.00      0.08      0.00      0.00     99.89
end------
                all      0.10      0.00      0.33      0.00      0.00     99.57
                all      0.14      0.00      0.43      0.00      0.00     99.43
                all      0.13      0.00      0.44      0.07      0.00     99.36
start----
                all      0.95      0.00     11.71      0.05      0.00     87.29
                all     11.84      0.00     47.88      0.16      0.00     40.12
                all      0.10      0.00     87.30      0.00      0.00     12.60
                all      0.11      0.00     87.74      0.00      0.00     12.15
                all      0.10      0.00     87.98      0.00      0.00     11.91
                all      0.11      0.00     87.84      0.00      0.00     12.05
                all      0.10      0.00     87.96      0.00      0.00     11.95
                all      0.29      0.00     87.82      0.00      0.00     11.89
                all      5.47      0.00     80.53      0.00      0.00     14.00
                all      0.04      0.00     87.14      0.00      0.00     12.82
                all      0.04      0.00     87.28      0.00      0.00     12.68
                all      0.04      0.00     87.46      0.00      0.00     12.50
                all      0.06      0.00     87.24      0.00      0.00     12.69
                all      0.10      0.00     87.18      0.00      0.00     12.72
                all      5.07      0.00     42.26      0.00      0.00     52.67
                all      0.10      0.00      0.17      0.02      0.00     99.72
end------
                all      0.10      0.00      0.38      0.00      0.00     99.52
                all      0.13      0.00      0.43      0.00      0.00     99.44
                all      0.14      0.00      0.45      0.00      0.00     99.41
End of data collecting unexpected
