
Linux 5.2.8200225+ (knl03.kisti.re.kr) 	2020년 04월 07일 	_x86_64_	(272 CPU)

                CPU     %user     %nice   %system   %iowait    %steal     %idle
                all      0.03      0.00      0.10      0.00      0.00     99.86
                all      0.02      0.00      0.08      0.15      0.00     99.75
                all      0.02      0.00      0.07      0.37      0.00     99.54
                all      0.02      0.00      0.07      0.37      0.00     99.54
                all      0.02      0.00      0.08      0.30      0.00     99.61
                all      0.03      0.00      0.15      0.24      0.00     99.59
                all      0.03      0.00      0.10      0.05      0.00     99.83
                all      0.03      0.00      0.14      0.00      0.00     99.83
                all      0.08      0.00      0.16      0.07      0.00     99.68
                all      0.02      0.00      0.21      0.01      0.00     99.76
                all      0.01      0.00      0.07      0.00      0.00     99.91
                all      0.01      0.00      0.07      0.00      0.00     99.92
start----
                all      0.02      0.00      0.10      0.00      0.00     99.87
                all      0.07      0.00      2.74      0.02      0.00     97.17
                all      0.05      0.00      0.68      0.00      0.00     99.27
                all      0.01      0.00      0.07      0.00      0.00     99.91
                all      0.02      0.00      0.07      0.00      0.00     99.92
                all      0.01      0.00      0.09      0.00      0.00     99.90
                all      0.07      0.00      0.85      0.02      0.00     99.06
                all      0.06      0.00      2.47      0.00      0.00     97.47
end------
                all      0.01      0.00      0.04      0.00      0.00     99.96
                all      0.11      0.00      0.46      0.00      0.00     99.42
                all      0.11      0.00      0.46      0.06      0.00     99.37
                all      0.12      0.00      0.46      0.02      0.00     99.41
start----
                all      0.08      0.00      1.97      0.02      0.00     97.93
                all      0.05      0.00      1.46      0.00      0.00     98.49
end------
                all      0.05      0.00      0.22      0.00      0.00     99.73
                all      0.12      0.00      0.46      0.00      0.00     99.42
                all      0.12      0.00      0.46      0.00      0.00     99.42
start----
                all      0.11      0.00      0.39      0.01      0.00     99.49
                all      0.08      0.00      2.92      0.01      0.00     96.99
                all      0.03      0.00      3.01      0.00      0.00     96.97
                all      0.05      0.00      0.64      0.01      0.00     99.30
end------
                all      0.07      0.00      0.31      0.00      0.00     99.61
                all      0.11      0.00      0.46      0.00      0.00     99.43
                all      0.11      0.00      0.46      0.00      0.00     99.43
start----
                all      0.13      0.00      1.01      0.02      0.00     98.84
                all      0.03      0.00      3.01      0.00      0.00     96.95
                all      0.05      0.00      2.67      0.00      0.00     97.28
                all      0.05      0.00      0.14      0.01      0.00     99.80
end------
                all      0.10      0.00      0.39      0.00      0.00     99.52
                all      0.12      0.00      0.44      0.00      0.00     99.44
                all      0.11      0.00      0.46      0.00      0.00     99.43
start----
                all      0.11      0.00      1.23      0.02      0.00     98.64
                all      0.04      0.00      3.00      0.00      0.00     96.96
                all      0.06      0.00      2.42      0.00      0.00     97.52
                all      0.02      0.00      0.05      0.00      0.00     99.92
end------
                all      0.10      0.00      0.42      0.00      0.00     99.48
                all      0.11      0.00      0.46      0.00      0.00     99.43
                all      0.11      0.00      0.45      0.00      0.00     99.43
start----
                all      0.11      0.00      1.53      0.02      0.00     98.34
                all      0.03      0.00      3.01      0.00      0.00     96.96
                all      0.03      0.00      3.48      0.00      0.00     96.49
                all      0.86      0.00      2.64      0.00      0.00     96.50
                all      0.02      0.00      3.01      0.00      0.00     96.96
                all      0.07      0.00      0.83      0.00      0.00     99.10
end------
                all      0.07      0.00      0.28      0.00      0.00     99.65
                all      0.11      0.00      0.48      0.00      0.00     99.41
                all      0.11      0.00      0.46      0.00      0.00     99.43
start----
                all      0.12      0.00      0.84      0.01      0.00     99.03
                all      0.03      0.00      3.00      0.00      0.00     96.97
                all      0.03      0.00      3.33      0.00      0.00     96.64
                all      0.03      0.00      3.44      0.00      0.00     96.53
                all      0.02      0.00      3.02      0.00      0.00     96.96
                all      0.10      0.00      0.55      0.00      0.00     99.36
end------
                all      0.05      0.00      0.24      0.00      0.00     99.71
                all      0.11      0.00      0.46      0.00      0.00     99.43
                all      0.11      0.00      0.47      0.00      0.00     99.41
start----
                all      0.13      0.00      0.53      0.03      0.00     99.32
                all      0.04      0.00      3.00      0.00      0.00     96.96
                all      0.05      0.00      3.23      0.00      0.00     96.72
                all      0.09      0.00      3.38      0.00      0.00     96.53
                all      0.02      0.00      3.04      0.00      0.00     96.94
                all      0.17      0.00      0.92      0.00      0.00     98.91
end------
                all      0.05      0.00      0.29      0.00      0.00     99.66
                all      0.12      0.00      0.45      0.00      0.00     99.43
                all      0.11      0.00      0.46      0.00      0.00     99.43
start----
                all      0.13      0.00      0.70      0.02      0.00     99.14
                all      0.04      0.00      3.00      0.00      0.00     96.96
                all      0.04      0.00      3.25      0.00      0.00     96.70
                all      0.03      0.00      3.53      0.00      0.00     96.44
                all      0.04      0.00      3.49      0.00      0.00     96.47
                all      0.03      0.00      3.54      0.00      0.00     96.42
                all      0.02      0.00      2.25      1.32      0.00     96.41
                all      0.14      0.00      2.28      0.87      0.00     96.71
                all      0.01      0.00      3.01      0.00      0.00     96.97
                all      0.01      0.00      3.02      0.00      0.00     96.97
                all      0.21      0.00      1.46      0.00      0.00     98.32
end------
                all      0.01      0.00      0.09      0.00      0.00     99.90
                all      0.12      0.00      0.45      0.00      0.00     99.43
                all      0.11      0.00      0.46      0.00      0.00     99.43
                all      0.12      0.00      0.45      0.00      0.00     99.43
start----
                all      0.08      0.00      2.28      0.02      0.00     97.63
                all      0.03      0.00      3.04      0.00      0.00     96.93
                all      0.03      0.00      3.50      0.00      0.00     96.47
                all      0.03      0.00      3.56      0.00      0.00     96.41
                all      0.03      0.00      3.52      0.00      0.00     96.46
                all      0.03      0.00      2.90      0.61      0.00     96.46
                all      0.27      0.00      1.72      1.41      0.00     96.60
                all      0.04      0.00      3.14      0.00      0.00     96.81
                all      0.01      0.00      3.03      0.00      0.00     96.96
                all      0.14      0.00      2.69      0.00      0.00     97.17
                all      0.01      0.00      0.05      0.00      0.00     99.94
end------
                all      0.09      0.00      0.42      0.00      0.00     99.49
                all      0.12      0.00      0.45      0.02      0.00     99.41
                all      0.12      0.00      0.46      0.06      0.00     99.37
start----
                all      0.10      0.00      1.63      0.02      0.00     98.26
                all      0.04      0.00      3.01      0.00      0.00     96.95
                all      0.03      0.00      3.38      0.00      0.00     96.59
                all      0.03      0.00      3.56      0.00      0.00     96.41
                all      0.03      0.00      3.64      0.00      0.00     96.33
                all      0.03      0.00      3.20      0.34      0.00     96.44
                all      0.03      0.00      1.81      1.60      0.00     96.56
                all      0.17      0.00      2.88      0.12      0.00     96.83
                all      0.02      0.00      3.02      0.00      0.00     96.96
                all      0.02      0.00      3.01      0.00      0.00     96.97
                all      0.36      0.00      0.27      0.01      0.00     99.36
end------
                all      0.06      0.00      0.27      0.00      0.00     99.67
                all      0.11      0.00      0.45      0.00      0.00     99.43
                all      0.11      0.00      0.46      0.00      0.00     99.43
start----
                all      0.17      0.00      0.63      0.01      0.00     99.19
                all      0.10      0.00      5.27      0.00      0.00     94.63
end------
                all      0.01      0.00      0.04      0.00      0.00     99.95
                all      0.11      0.00      0.44      0.00      0.00     99.45
                all      0.11      0.00      0.46      0.01      0.00     99.41
                all      0.11      0.00      0.46      0.00      0.00     99.43
start----
                all      0.16      0.00      3.38      0.01      0.00     96.44
                all      0.04      0.00      2.28      0.00      0.00     97.68
end------
                all      0.05      0.00      0.24      0.00      0.00     99.71
                all      0.11      0.00      0.46      0.00      0.00     99.43
                all      0.12      0.00      0.45      0.07      0.00     99.36
start----
                all      0.20      0.00      0.68      0.02      0.00     99.10
                all      0.07      0.00      5.17      0.00      0.00     94.75
end------
                all      0.01      0.00      0.04      0.00      0.00     99.96
                all      0.12      0.00      0.44      0.00      0.00     99.44
                all      0.11      0.00      0.46      0.04      0.00     99.39
                all      0.12      0.00      0.45      0.04      0.00     99.39
start----
                all      0.15      0.00      3.41      0.02      0.00     96.41
                all      0.05      0.00      5.94      0.00      0.00     94.01
                all      0.06      0.00      1.56      0.00      0.00     98.38
end------
                all      0.07      0.00      0.27      0.00      0.00     99.67
                all      0.12      0.00      0.45      0.00      0.00     99.43
                all      0.10      0.00      0.47      0.00      0.00     99.43
start----
                all      0.18      0.00      1.39      0.02      0.00     98.41
                all      0.27      0.00      5.73      0.00      0.00     94.00
                all      0.05      0.00      4.00      0.00      0.00     95.95
end------
                all      0.03      0.00      0.11      0.00      0.00     99.86
                all      0.12      0.00      0.46      0.00      0.00     99.42
                all      0.11      0.00      0.46      0.00      0.00     99.44
start----
                all      0.13      0.00      0.42      0.00      0.00     99.45
                all      0.15      0.00      4.61      0.01      0.00     95.22
                all      0.06      0.00      5.94      0.00      0.00     94.01
                all      0.05      0.00      0.27      0.00      0.00     99.68
end------
                all      0.09      0.00      0.37      0.00      0.00     99.54
                all      0.11      0.00      0.46      0.00      0.00     99.43
                all      0.11      0.00      0.46      0.08      0.00     99.34
start----
                all      0.17      0.00      2.54      0.03      0.00     97.26
                all      0.04      0.00      6.02      0.00      0.00     93.93
                all      0.11      0.00      6.25      0.00      0.00     93.63
                all      0.04      0.00      6.11      0.00      0.00     93.85
                all      0.43      0.00      1.46      0.01      0.00     98.10
end------
                all      0.06      0.00      0.29      0.00      0.00     99.65
                all      0.12      0.00      0.45      0.00      0.00     99.42
                all      0.12      0.00      0.45      0.00      0.00     99.43
start----
                all      0.19      0.00      0.94      0.02      0.00     98.85
                all      0.04      0.00      5.94      0.00      0.00     94.02
                all      0.10      0.00      6.36      0.00      0.00     93.54
                all      0.47      0.00      5.70      0.00      0.00     93.83
                all      0.36      0.00      3.88      0.00      0.00     95.76
end------
                all      0.02      0.00      0.10      0.00      0.00     99.88
                all      0.13      0.00      0.45      0.00      0.00     99.42
                all      0.11      0.00      0.46      0.00      0.00     99.43
start----
                all      0.12      0.00      0.44      0.00      0.00     99.43
                all      0.17      0.00      4.42      0.01      0.00     95.41
                all      0.04      0.00      6.19      0.00      0.00     93.77
                all      0.11      0.00      6.12      0.00      0.00     93.76
                all      0.42      0.00      5.43      0.00      0.00     94.16
end------
                all      0.02      0.00      0.06      0.00      0.00     99.92
                all      0.10      0.00      0.43      0.00      0.00     99.46
                all      0.11      0.00      0.45      0.00      0.00     99.44
                all      0.11      0.00      0.46      0.00      0.00     99.42
start----
                all      0.17      0.00      2.93      0.04      0.00     96.86
                all      0.04      0.00      6.05      0.00      0.00     93.91
                all      0.04      0.00      6.47      0.00      0.00     93.49
                all      0.03      0.00      6.51      0.00      0.00     93.46
                all      0.03      0.00      3.23      3.18      0.00     93.56
                all      0.49      0.00      4.41      1.33      0.00     93.77
                all      0.02      0.00      5.99      0.00      0.00     93.99
                all      0.01      0.00      5.98      0.00      0.00     94.01
                all      0.42      0.00      2.99      0.00      0.00     96.58
end------
                all      0.01      0.00      0.06      0.00      0.00     99.93
                all      0.12      0.00      0.45      0.00      0.00     99.44
                all      0.11      0.00      0.45      0.07      0.00     99.36
                all      0.11      0.00      0.45      0.00      0.00     99.44
start----
                all      0.17      0.00      3.93      0.01      0.00     95.89
                all      0.04      0.00      6.11      0.00      0.00     93.85
                all      0.03      0.00      6.55      0.00      0.00     93.42
                all      0.03      0.00      6.10      0.47      0.00     93.40
                all      0.03      0.00      2.63      3.84      0.00     93.49
                all      0.39      0.00      4.81      0.98      0.00     93.82
                all      0.01      0.00      5.97      0.00      0.00     94.01
                all      0.01      0.00      5.97      0.00      0.00     94.02
                all      0.16      0.00      2.29      0.00      0.00     97.55
end------
                all      0.07      0.00      0.24      0.00      0.00     99.70
                all      0.11      0.00      0.45      0.00      0.00     99.44
                all      0.11      0.00      0.46      0.00      0.00     99.43
start----
                all      0.15      0.00      0.56      0.01      0.00     99.27
                all      0.11      0.00      5.87      0.00      0.00     94.01
                all      0.03      0.00      6.38      0.00      0.00     93.59
                all      0.04      0.00      6.49      0.00      0.00     93.48
                all      0.03      0.00      4.79      1.65      0.00     93.53
                all      0.55      0.00      2.65      3.15      0.00     93.65
                all      0.02      0.00      6.00      0.00      0.00     93.98
                all      0.02      0.00      5.97      0.00      0.00     94.01
                all      0.31      0.00      5.68      0.00      0.00     94.01
                all      0.14      0.00      0.17      0.00      0.00     99.69
end------
                all      0.07      0.00      0.30      0.00      0.00     99.63
                all      0.11      0.00      0.47      0.00      0.00     99.42
                all      0.11      0.00      0.47      0.00      0.00     99.42
start----
                all      0.30      0.00      2.36      0.03      0.00     97.31
                all      0.13      0.00      9.13      0.00      0.00     90.73
end------
                all      0.01      0.00      0.07      0.00      0.00     99.92
                all      0.11      0.00      0.46      0.00      0.00     99.43
                all      0.11      0.00      0.46      0.00      0.00     99.43
                all      0.11      0.00      0.46      0.00      0.00     99.43
start----
                all      0.33      0.00      7.24      0.02      0.00     92.41
                all      0.06      0.00      3.88      0.00      0.00     96.06
end------
                all      0.06      0.00      0.27      0.00      0.00     99.67
                all      0.10      0.00      0.47      0.00      0.00     99.43
                all      0.11      0.00      0.45      0.00      0.00     99.43
start----
                all      0.29      0.00      1.31      0.03      0.00     98.38
                all      0.11      0.00     10.07      0.00      0.00     89.82
end------
                all      0.00      0.00      0.03      0.00      0.00     99.97
                all      0.12      0.00      0.45      0.00      0.00     99.43
                all      0.11      0.00      0.46      0.00      0.00     99.43
                all      0.12      0.00      0.44      0.00      0.00     99.44
start----
                all      0.28      0.00      6.76      0.03      0.00     92.93
                all      0.07      0.00     11.84      0.00      0.00     88.09
                all      0.07      0.00      2.78      0.00      0.00     97.15
end------
                all      0.06      0.00      0.28      0.00      0.00     99.66
                all      0.11      0.00      0.45      0.00      0.00     99.44
                all      0.11      0.00      0.46      0.08      0.00     99.36
start----
                all      0.28      0.00      2.24      0.03      0.00     97.45
                all      0.11      0.00     11.77      0.00      0.00     88.12
                all      0.07      0.00      7.51      0.00      0.00     92.41
end------
                all      0.03      0.00      0.10      0.00      0.00     99.87
                all      0.11      0.00      0.45      0.00      0.00     99.44
                all      0.12      0.00      0.46      0.08      0.00     99.34
start----
                all      0.11      0.00      0.43      0.00      0.00     99.47
                all      0.26      0.00      9.14      0.03      0.00     90.57
                all      0.09      0.00     11.80      0.00      0.00     88.11
                all      0.05      0.00      0.39      0.00      0.00     99.55
end------
                all      0.09      0.00      0.35      0.00      0.00     99.56
                all      0.12      0.00      0.45      0.00      0.00     99.43
                all      0.11      0.00      0.46      0.08      0.00     99.35
start----
                all      0.27      0.00      4.37      0.02      0.00     95.34
                all      0.03      0.00     11.92      0.00      0.00     88.04
                all      0.20      0.00     12.15      0.01      0.00     87.64
                all      0.01      0.00     11.90      0.00      0.00     88.10
                all      0.42      0.00      2.81      0.00      0.00     96.77
end------
                all      0.07      0.00      0.31      0.00      0.00     99.62
                all      0.12      0.00      0.45      0.00      0.00     99.43
                all      0.11      0.00      0.46      0.00      0.00     99.43
start----
                all      0.29      0.00      1.94      0.02      0.00     97.75
                all      0.04      0.00     11.83      0.00      0.00     88.13
                all      0.21      0.00     12.16      0.00      0.00     87.62
                all      0.01      0.00     11.91      0.00      0.00     88.08
                all      0.18      0.00      5.30      0.01      0.00     94.51
end------
                all      0.02      0.00      0.11      0.00      0.00     99.87
                all      0.11      0.00      0.45      0.00      0.00     99.44
                all      0.10      0.00      0.47      0.07      0.00     99.35
start----
                all      0.11      0.00      0.45      0.00      0.00     99.45
                all      0.27      0.00      8.69      0.02      0.00     91.02
                all      0.04      0.00     12.15      0.00      0.00     87.81
                all      0.17      0.00     11.95      0.03      0.00     87.86
                all      0.43      0.00     10.03      0.00      0.00     89.54
end------
                all      0.00      0.00      0.04      0.00      0.00     99.95
                all      0.11      0.00      0.45      0.00      0.00     99.44
                all      0.11      0.00      0.46      0.00      0.00     99.42
                all      0.10      0.00      0.46      0.00      0.00     99.44
start----
                all      0.34      0.00      6.49      0.02      0.00     93.16
                all      0.04      0.00     12.02      0.00      0.00     87.94
                all      0.04      0.00     12.43      0.00      0.00     87.53
                all      0.04      0.00     12.44      0.00      0.00     87.52
                all      1.26      0.00     10.98      0.07      0.00     87.69
                all      0.02      0.00     11.91      0.00      0.00     88.07
                all      0.02      0.00     11.88      0.00      0.00     88.10
                all      0.55      0.00      8.92      0.00      0.00     90.53
end------
                all      0.01      0.00      0.06      0.02      0.00     99.91
                all      0.11      0.00      0.46      0.00      0.00     99.43
                all      0.11      0.00      0.45      0.00      0.00     99.43
                all      0.11      0.00      0.46      0.00      0.00     99.43
start----
                all      0.27      0.00      6.84      0.03      0.00     92.87
                all      0.04      0.00     12.04      0.00      0.00     87.91
                all      0.11      0.00     12.45      0.03      0.00     87.41
                all      0.04      0.00     12.44      0.00      0.00     87.52
                all      0.85      0.00     11.10      0.31      0.00     87.74
                all      0.02      0.00     11.89      0.00      0.00     88.09
                all      0.01      0.00     11.87      0.00      0.00     88.11
                all      0.28      0.00      8.03      0.00      0.00     91.69
end------
                all      0.03      0.00      0.06      0.01      0.00     99.90
                all      0.21      0.00      0.65      0.00      0.00     99.14
                all      0.16      0.00      0.47      0.01      0.00     99.35
                all      0.15      0.00      0.55      0.07      0.00     99.24
start----
                all      0.28      0.00      6.32      0.02      0.00     93.38
                all      0.04      0.00     12.04      0.00      0.00     87.92
                all      0.05      0.00     12.43      0.01      0.00     87.52
                all      0.10      0.00     12.56      0.01      0.00     87.32
                all      1.33      0.00     10.84      0.15      0.00     87.68
                all      0.02      0.00     11.88      0.00      0.00     88.10
                all      0.02      0.00     11.88      0.00      0.00     88.10
                all      0.34      0.00      9.32      0.00      0.00     90.34
                all      0.02      0.00      0.11      0.01      0.00     99.85
end------
                all      0.09      0.00      0.40      0.00      0.00     99.52
                all      0.11      0.00      0.46      0.00      0.00     99.44
                all      0.12      0.00      0.45      0.00      0.00     99.43
start----
                all      0.64      0.00      4.50      0.08      0.00     94.78
                all      0.25      0.00     17.98      0.00      0.00     81.76
end------
                all      0.01      0.00      0.04      0.00      0.00     99.96
                all      0.12      0.00      0.45      0.00      0.00     99.42
                all      0.12      0.00      0.45      0.00      0.00     99.43
                all      0.21      0.00      0.56      0.00      0.00     99.22
start----
                all      0.68      0.00     13.37      0.04      0.00     85.91
                all      0.14      0.00      9.08      0.01      0.00     90.78
end------
                all      0.04      0.00      0.21      0.00      0.00     99.74
                all      0.13      0.00      0.44      0.00      0.00     99.44
                all      0.12      0.00      0.44      0.08      0.00     99.36
start----
                all      0.13      0.00      0.81      0.03      0.00     99.03
                all      0.79      0.00     21.33      0.01      0.00     77.88
                all      0.04      0.00      0.65      0.00      0.00     99.30
end------
                all      0.09      0.00      0.36      0.00      0.00     99.55
                all      0.12      0.00      0.45      0.00      0.00     99.43
                all      0.11      0.00      0.44      0.08      0.00     99.37
start----
                all      0.62      0.00      7.16      0.04      0.00     92.18
                all      0.15      0.00     23.54      0.00      0.00     76.31
                all      0.12      0.00     11.84      0.01      0.00     88.04
end------
                all      0.04      0.00      0.16      0.00      0.00     99.80
                all      0.12      0.00      0.46      0.00      0.00     99.42
                all      0.11      0.00      0.46      0.00      0.00     99.42
start----
                all      0.10      0.00      0.40      0.00      0.00     99.50
                all      0.67      0.00     19.26      0.05      0.00     80.03
                all      0.31      0.00     23.17      0.00      0.00     76.53
                all      0.02      0.00      0.09      0.00      0.00     99.89
end------
                all      0.09      0.00      0.40      0.00      0.00     99.50
                all      0.11      0.00      0.45      0.00      0.00     99.44
                all      0.11      0.00      0.46      0.00      0.00     99.42
start----
                all      0.63      0.00      7.81      0.05      0.00     91.50
                all      0.15      0.00     23.52      0.00      0.00     76.33
                all      0.14      0.00     10.97      0.00      0.00     88.88
end------
                all      0.04      0.00      0.19      0.00      0.00     99.78
                all      0.12      0.00      0.44      0.00      0.00     99.44
                all      0.11      0.00      0.45      0.00      0.00     99.44
start----
                all      0.11      0.00      0.40      0.01      0.00     99.49
                all      0.61      0.00     20.53      0.03      0.00     78.83
                all      0.04      0.00     24.06      0.00      0.00     75.90
                all      0.64      0.00     23.16      0.00      0.00     76.20
                all      0.24      0.00     15.99      0.00      0.00     83.77
end------
                all      0.03      0.00      0.09      0.00      0.00     99.89
                all      0.12      0.00      0.45      0.00      0.00     99.43
                all      0.12      0.00      0.45      0.00      0.00     99.43
                all      0.12      0.00      0.45      0.00      0.00     99.43
start----
                all      0.57      0.00     15.57      0.04      0.00     83.82
                all      0.04      0.00     23.90      0.00      0.00     76.06
                all      0.20      0.00     23.55      0.03      0.00     76.22
                all      0.37      0.00     20.56      0.00      0.00     79.07
                all      0.02      0.00      0.06      0.00      0.00     99.92
end------
                all      0.09      0.00      0.37      0.00      0.00     99.54
                all      0.12      0.00      0.46      0.00      0.00     99.42
                all      0.12      0.00      0.45      0.00      0.00     99.43
start----
                all      0.58      0.00      5.73      0.04      0.00     93.64
                all      0.03      0.00     23.69      0.00      0.00     76.28
                all      0.73      0.00     23.36      0.00      0.00     75.91
                all      0.01      0.00     23.71      0.00      0.00     76.28
                all      0.25      0.00      7.36      0.00      0.00     92.39
end------
                all      0.03      0.00      0.13      0.00      0.00     99.84
                all      0.12      0.00      0.45      0.00      0.00     99.43
                all      0.12      0.00      0.44      0.08      0.00     99.36
start----
                all      0.11      0.00      0.42      0.00      0.00     99.46
                all      0.60      0.00     19.22      0.03      0.00     80.15
                all      0.05      0.00     23.97      0.00      0.00     75.98
                all      0.04      0.00     24.12      0.00      0.00     75.83
                all      0.03      0.00     24.12      0.00      0.00     75.84
                all      0.25      0.00     23.47      0.01      0.00     76.27
                all      0.01      0.00     23.69      0.00      0.00     76.30
                all      0.02      0.00     23.68      0.00      0.00     76.30
                all      0.51      0.00      4.23      0.00      0.00     95.26
end------
                all      0.06      0.00      0.22      0.00      0.00     99.72
                all      0.13      0.00      0.46      0.00      0.00     99.42
                all      0.12      0.00      0.45      0.00      0.00     99.43
start----
                all      0.13      0.00      0.74      0.02      0.00     99.11
                all      0.66      0.00     21.44      0.03      0.00     77.87
                all      0.04      0.00     24.08      0.00      0.00     75.88
                all      0.03      0.00     24.21      0.00      0.00     75.76
                all      0.83      0.00     23.45      0.00      0.00     75.72
                all      0.97      0.00     22.78      0.00      0.00     76.25
                all      0.03      0.00     23.70      0.00      0.00     76.28
                all      0.02      0.00     23.68      0.00      0.00     76.29
                all      0.22      0.00      4.12      0.00      0.00     95.67
end------
                all      0.05      0.00      0.21      0.00      0.00     99.74
                all      0.12      0.00      0.45      0.00      0.00     99.43
                all      0.14      0.00      0.49      0.08      0.00     99.29
start----
                all      0.20      0.00      1.27      0.04      0.00     98.50
                all      0.50      0.00     21.68      0.01      0.00     77.81
                all      0.03      0.00     24.11      0.00      0.00     75.85
                all      0.04      0.00     24.20      0.00      0.00     75.76
                all      1.43      0.00     22.82      0.00      0.00     75.76
                all      0.27      0.00     23.48      0.00      0.00     76.25
                all      0.02      0.00     23.76      0.10      0.00     76.12
                all      0.02      0.00     23.68      0.00      0.00     76.30
                all      0.18      0.00      3.25      0.00      0.00     96.56
end------
                all      0.07      0.00      0.30      0.00      0.00     99.62
                all      0.13      0.00      0.44      0.00      0.00     99.43
                all      0.12      0.00      0.44      0.08      0.00     99.35
start----
                all      0.91      0.00      5.64      0.07      0.00     93.37
                all      1.75      0.00     43.02      0.03      0.00     55.20
                all      0.58      0.00     13.53      0.00      0.00     85.89
end------
                all      0.06      0.00      0.24      0.00      0.00     99.70
                all      0.11      0.00      0.46      0.00      0.00     99.42
                all      0.11      0.00      0.45      0.00      0.00     99.44
start----
                all      0.17      0.00      1.18      0.04      0.00     98.61
                all      2.34      0.00     37.84      0.03      0.00     59.80
                all      0.54      0.00     22.26      0.01      0.00     77.19
end------
                all      0.04      0.00      0.14      0.00      0.00     99.83
                all      0.12      0.00      0.45      0.00      0.00     99.43
                all      0.11      0.00      0.45      0.00      0.00     99.44
start----
                all      0.10      0.00      0.42      0.00      0.00     99.48
                all      2.25      0.00     30.72      0.08      0.00     66.95
                all      0.98      0.00     29.54      0.00      0.00     69.47
end------
                all      0.01      0.00      0.06      0.00      0.00     99.92
                all      0.11      0.00      0.45      0.00      0.00     99.44
                all      0.12      0.00      0.45      0.07      0.00     99.36
                all      0.11      0.00      0.46      0.00      0.00     99.44
start----
                all      2.02      0.00     23.40      0.14      0.00     74.44
                all      0.57      0.00     46.34      0.00      0.00     53.09
                all      0.59      0.00     41.88      0.00      0.00     57.53
                all      0.03      0.00      0.08      0.00      0.00     99.89
end------
                all      0.07      0.00      0.29      0.00      0.00     99.64
                all      0.12      0.00      0.46      0.00      0.00     99.42
                all      0.12      0.00      0.45      0.08      0.00     99.35
start----
                all      0.96      0.00      4.75      0.04      0.00     94.24
                all      1.14      0.00     44.24      0.01      0.00     54.61
                all      0.46      0.00     45.84      0.00      0.00     53.70
                all      0.55      0.00     14.97      0.00      0.00     84.47
end------
                all      0.03      0.00      0.11      0.00      0.00     99.86
                all      0.12      0.00      0.44      0.00      0.00     99.44
                all      0.12      0.00      0.45      0.00      0.00     99.43
start----
                all      0.11      0.00      0.41      0.00      0.00     99.48
                all      2.07      0.00     29.73      0.07      0.00     68.13
                all      0.46      0.00     46.22      0.00      0.00     53.32
                all      0.56      0.00     34.23      0.00      0.00     65.20
                all      0.02      0.00      0.07      0.00      0.00     99.92
end------
                all      0.10      0.00      0.38      0.00      0.00     99.52
                all      0.13      0.00      0.45      0.00      0.00     99.43
                all      0.12      0.00      0.45      0.00      0.00     99.43
start----
                all      1.93      0.00     11.00      0.06      0.00     87.02
                all      0.04      0.00     47.28      0.00      0.00     52.68
                all      0.04      0.00     47.73      0.00      0.00     52.22
                all      0.43      0.00     45.44      0.00      0.00     54.13
                all      0.02      0.00     46.29      0.00      0.00     53.69
                all      0.94      0.00     12.50      0.00      0.00     86.56
end------
                all      0.04      0.00      0.16      0.00      0.00     99.80
                all      0.14      0.00      0.52      0.00      0.00     99.34
                all      0.13      0.00      0.44      0.00      0.00     99.43
start----
                all      0.11      0.00      0.41      0.00      0.00     99.47
                all      2.13      0.00     31.43      0.09      0.00     66.35
                all      0.04      0.00     47.41      0.00      0.00     52.55
                all      0.49      0.00     45.41      0.03      0.00     54.08
                all      0.02      0.00     46.24      0.00      0.00     53.74
                all      1.76      0.00     39.08      0.00      0.00     59.16
                all      0.03      0.00      0.08      0.00      0.00     99.89
end------
                all      0.08      0.00      0.30      0.00      0.00     99.63
                all      0.13      0.00      0.44      0.00      0.00     99.44
                all      0.12      0.00      0.44      0.08      0.00     99.36
start----
                all      0.92      0.00      5.15      0.10      0.00     93.83
                all      1.24      0.00     44.07      0.03      0.00     54.65
                all      0.03      0.00     47.62      0.00      0.00     52.35
                all      0.48      0.00     45.28      0.01      0.00     54.22
                all      0.02      0.00     46.23      0.00      0.00     53.75
                all      1.42      0.00     23.65      0.00      0.00     74.92
end------
                all      0.00      0.00      0.03      0.00      0.00     99.97
                all      0.13      0.00      0.44      0.00      0.00     99.43
                all      0.13      0.00      0.44      0.00      0.00     99.43
                all      0.13      0.00      0.44      0.00      0.00     99.43
start----
                all      2.12      0.00     19.15      0.07      0.00     78.67
                all      0.04      0.00     47.26      0.00      0.00     52.70
                all      0.04      0.00     47.84      0.00      0.00     52.12
                all      0.04      0.00     47.75      0.01      0.00     52.20
                all      0.05      0.00     47.83      0.00      0.00     52.12
                all      0.45      0.00     45.48      0.01      0.00     54.06
                all      0.02      0.00     46.25      0.00      0.00     53.73
                all      0.01      0.00     46.22      0.00      0.00     53.76
                all      0.02      0.00     46.18      0.00      0.00     53.80
                all      0.92      0.00     17.96      0.00      0.00     81.12
end------
                all      0.01      0.00      0.07      0.00      0.00     99.92
                all      0.13      0.00      0.44      0.00      0.00     99.44
                all      0.13      0.00      0.44      0.08      0.00     99.35
                all      0.13      0.00      0.44      0.00      0.00     99.44
start----
                all      2.11      0.00     24.82      0.07      0.00     73.00
                all      0.05      0.00     47.31      0.00      0.00     52.65
                all      0.06      0.00     47.85      0.06      0.00     52.03
                all      0.06      0.00     47.70      0.01      0.00     52.23
                all      0.04      0.00     47.71      0.00      0.00     52.24
                all      0.43      0.00     45.19      0.01      0.00     54.38
                all      0.02      0.00     46.22      0.00      0.00     53.76
                all      0.02      0.00     46.23      0.00      0.00     53.74
                all      0.02      0.00     46.17      0.00      0.00     53.81
                all      1.22      0.00     17.63      0.00      0.00     81.15
end------
                all      0.02      0.00      0.12      0.00      0.00     99.86
                all      0.12      0.00      0.44      0.00      0.00     99.44
                all      0.12      0.00      0.45      0.00      0.00     99.43
                all      0.14      0.00      0.42      0.00      0.00     99.44
start----
                all      2.09      0.00     26.04      0.06      0.00     71.80
                all      0.04      0.00     47.34      0.00      0.00     52.62
                all      0.04      0.00     47.84      0.00      0.00     52.12
                all      0.05      0.00     47.86      0.00      0.00     52.10
                all      0.04      0.00     47.74      0.00      0.00     52.21
                all      0.45      0.00     45.24      0.02      0.00     54.29
                all      0.02      0.00     46.27      0.00      0.00     53.71
                all      0.02      0.00     46.24      0.00      0.00     53.74
                all      0.02      0.00     46.21      0.00      0.00     53.77
                all      1.00      0.00     11.77      0.01      0.00     87.23
end------
                all      0.05      0.00      0.23      0.00      0.00     99.72
                all      0.15      0.00      0.42      0.00      0.00     99.43
                all      0.14      0.00      0.43      0.00      0.00     99.43
start----
                all      0.12      0.00      0.40      0.00      0.00     99.48
                all      7.79      0.00     34.88      0.11      0.00     57.22
                all      9.93      0.00     71.02      0.43      0.00     18.63
                all      5.52      0.00     76.36      0.00      0.00     18.12
                all      0.05      0.00      2.69      0.00      0.00     97.26
end------
                all      0.04      0.00      0.16      0.00      0.00     99.80
                all      0.13      0.00      0.43      0.00      0.00     99.44
                all      0.12      0.00      0.45      0.00      0.00     99.43
start----
                all      0.12      0.00      0.39      0.00      0.00     99.48
                all      7.10      0.00     38.21      0.16      0.00     54.54
                all      8.65      0.00     72.45      0.04      0.00     18.86
                all      5.77      0.00     74.29      0.00      0.00     19.94
                all      0.05      0.00      2.11      0.00      0.00     97.84
end------
                all      0.05      0.00      0.19      0.00      0.00     99.76
                all      0.14      0.00      0.43      0.00      0.00     99.43
                all      0.13      0.00      0.44      0.00      0.00     99.42
start----
                all      0.13      0.00      0.42      0.01      0.00     99.45
                all      9.49      0.00     40.09      0.14      0.00     50.28
                all      5.49      0.00     79.65      0.00      0.00     14.86
                all      5.38      0.00     69.82      0.00      0.00     24.80
                all      0.03      0.00      0.78      0.01      0.00     99.18
end------
                all      0.05      0.00      0.20      0.00      0.00     99.76
                all      0.15      0.00      0.42      0.00      0.00     99.43
                all      0.13      0.00      0.45      0.00      0.00     99.42
start----
                all      0.13      0.00      0.50      0.01      0.00     99.37
                all      9.57      0.00     41.32      0.15      0.00     48.96
                all      0.25      0.00     86.63      0.00      0.00     13.12
                all      4.95      0.00     81.41      0.00      0.00     13.64
                all      0.11      0.00     87.32      0.00      0.00     12.58
                all      3.86      0.00     30.05      0.00      0.00     66.08
end------
                all      0.02      0.00      0.08      0.00      0.00     99.90
                all      0.14      0.00      0.43      0.00      0.00     99.43
                all      0.14      0.00      0.42      0.00      0.00     99.44
                all      0.13      0.00      0.45      0.00      0.00     99.42
start----
                all      3.06      0.00     27.36      0.21      0.00     69.37
                all     11.17      0.00     69.40      0.10      0.00     19.33
                all      5.23      0.00     81.76      0.00      0.00     13.01
                all      0.05      0.00     87.34      0.00      0.00     12.60
                all      4.95      0.00     56.45      0.00      0.00     38.60
                all      0.03      0.00      0.11      0.00      0.00     99.86
end------
                all      0.06      0.00      0.26      0.00      0.00     99.68
                all      0.14      0.00      0.41      0.00      0.00     99.44
                all      0.13      0.00      0.43      0.08      0.00     99.37
start----
                all      0.45      0.00      6.06      0.04      0.00     93.45
                all     10.18      0.00     47.40      0.12      0.00     42.31
                all      0.11      0.00     87.10      0.00      0.00     12.78
                all      5.22      0.00     81.04      0.00      0.00     13.74
                all      7.03      0.00     81.21      0.00      0.00     11.75
                all      0.17      0.00     18.54      0.00      0.00     81.29
end------
                all      0.02      0.00      0.07      0.00      0.00     99.91
                all      0.13      0.00      0.43      0.00      0.00     99.44
                all      0.13      0.00      0.44      0.00      0.00     99.43
                all      0.14      0.00      0.42      0.00      0.00     99.43
start----
                all      2.78      0.00     25.59      0.12      0.00     71.51
                all     12.37      0.00     69.12      0.18      0.00     18.34
                all      0.09      0.00     87.40      0.00      0.00     12.50
                all      0.09      0.00     87.99      0.00      0.00     11.92
                all      5.69      0.00     82.13      0.01      0.00     12.17
                all      0.13      0.00     87.93      0.00      0.00     11.94
                all      0.05      0.00     87.22      0.00      0.00     12.73
                all      5.36      0.00     68.57      0.00      0.00     26.06
                all      0.03      0.00      0.49      0.01      0.00     99.47
end------
                all      0.06      0.00      0.22      0.00      0.00     99.73
                all      0.14      0.00      0.44      0.00      0.00     99.42
                all      0.14      0.00      0.42      0.00      0.00     99.43
start----
                all      0.13      0.00      0.41      0.01      0.00     99.45
                all      9.72      0.00     39.99      0.20      0.00     50.09
                all      0.20      0.00     87.03      0.00      0.00     12.77
                all      0.11      0.00     87.49      0.00      0.00     12.40
                all      0.17      0.00     87.94      0.00      0.00     11.88
                all      4.87      0.00     78.94      0.00      0.00     16.19
                all      0.04      0.00     87.39      0.00      0.00     12.57
                all      0.53      0.00     86.84      0.00      0.00     12.63
                all      5.96      0.00     38.32      0.00      0.00     55.73
                all      0.03      0.00      0.07      0.00      0.00     99.90
end------
                all      0.10      0.00      0.32      0.00      0.00     99.59
                all      0.14      0.00      0.42      0.00      0.00     99.44
                all      0.14      0.00      0.43      0.07      0.00     99.36
start----
                all      0.98      0.00     12.29      0.03      0.00     86.70
                all     11.18      0.00     53.35      0.16      0.00     35.32
                all      0.09      0.00     87.24      0.00      0.00     12.66
                all      0.10      0.00     87.69      0.00      0.00     12.21
                all      5.19      0.00     81.05      0.00      0.00     13.76
                all      0.06      0.00     87.33      0.00      0.00     12.61
                all      0.05      0.00     87.38      0.00      0.00     12.57
                all      7.11      0.00     80.72      0.00      0.00     12.17
                all      0.08      0.00     12.80      0.00      0.00     87.12
end------
                all      0.02      0.00      0.08      0.00      0.00     99.90
                all      0.13      0.00      0.44      0.00      0.00     99.43
                all      0.13      0.00      0.44      0.00      0.00     99.43
                all      0.13      0.00      0.44      0.00      0.00     99.43
start----
                all      4.44      0.00     31.28      0.23      0.00     64.04
                all      9.37      0.00     71.73      0.45      0.00     18.45
                all      0.11      0.00     87.43      0.00      0.00     12.46
                all      0.11      0.00     88.09      0.00      0.00     11.79
                all      0.13      0.00     87.72      0.00      0.00     12.15
                all      0.10      0.00     88.04      0.00      0.00     11.87
                all      5.12      0.00     79.51      0.00      0.00     15.37
                all      0.05      0.00     87.28      0.00      0.00     12.67
                all      0.05      0.00     87.22      0.00      0.00     12.72
                all      0.04      0.00     87.34      0.00      0.00     12.62
                all      0.05      0.00     87.26      0.00      0.00     12.68
                all      0.05      0.00     87.24      0.00      0.00     12.71
                all      8.07      0.00     79.33      0.00      0.00     12.60
                all      0.06      0.00      7.56      0.00      0.00     92.37
end------
                all      0.02      0.00      0.10      0.00      0.00     99.88
                all      0.14      0.00      0.43      0.00      0.00     99.44
                all      0.14      0.00      0.42      0.07      0.00     99.36
start----
                all      0.13      0.00      0.40      0.00      0.00     99.46
                all      4.95      0.00     35.38      0.17      0.00     59.50
                all      9.08      0.00     72.10      0.02      0.00     18.80
                all      0.10      0.00     87.35      0.00      0.00     12.55
                all      0.11      0.00     88.07      0.00      0.00     11.82
                all      0.07      0.00     88.04      0.00      0.00     11.89
                all      0.10      0.00     88.13      0.00      0.00     11.77
                all      0.10      0.00     88.12      0.00      0.00     11.77
                all      5.34      0.00     81.72      0.00      0.00     12.94
                all      0.05      0.00     87.43      0.01      0.00     12.50
                all      0.15      0.00     88.06      0.00      0.00     11.79
                all      0.04      0.00     87.36      0.00      0.00     12.60
                all      0.04      0.00     87.24      0.00      0.00     12.72
                all      0.04      0.00     87.38      0.00      0.00     12.58
                all      5.92      0.00     78.39      0.00      0.00     15.69
                all      0.06      0.00      3.97      0.01      0.00     95.97
end------
                all      0.03      0.00      0.12      0.00      0.00     99.84
                all      0.13      0.00      0.44      0.00      0.00     99.43
                all      0.12      0.00      0.45      0.00      0.00     99.43
start----
                all      0.13      0.00      0.40      0.00      0.00     99.47
                all      6.69      0.00     34.10      0.15      0.00     59.06
                all      6.30      0.00     74.80      0.31      0.00     18.59
                all      0.09      0.00     87.49      0.00      0.00     12.43
                all      0.09      0.00     88.10      0.00      0.00     11.81
                all      0.11      0.00     88.12      0.00      0.00     11.77
                all      0.08      0.00     88.00      0.00      0.00     11.92
                all      0.08      0.00     88.02      0.00      0.00     11.90
                all      4.81      0.00     80.57      0.00      0.00     14.62
                all      0.06      0.00     87.43      0.00      0.00     12.51
                all      0.04      0.00     87.38      0.00      0.00     12.58
                all      0.04      0.00     87.32      0.00      0.00     12.64
                all      0.04      0.00     87.23      0.00      0.00     12.73
                all      0.05      0.00     87.33      0.00      0.00     12.62
                all      6.82      0.00     72.45      0.01      0.00     20.72
                all      0.05      0.00      1.68      0.00      0.00     98.27
end------
                all      0.05      0.00      0.16      0.00      0.00     99.80
                all      0.13      0.00      0.43      0.00      0.00     99.44
                all      0.13      0.00      0.43      0.08      0.00     99.36
                all      0.13      0.00      0.39      0.00      0.00     99.48
End of data collecting unexpected
