
Linux 5.2.8200225+ (knl03.kisti.re.kr) 	2020년 03월 30일 	_x86_64_	(272 CPU)

                CPU     %user     %nice   %system   %iowait    %steal     %idle
                all      0.03      0.00      0.10      0.00      0.00     99.87
                all      0.02      0.00      0.08      0.15      0.00     99.75
                all      0.01      0.00      0.08      0.37      0.00     99.54
                all      0.01      0.00      0.07      0.37      0.00     99.55
                all      0.01      0.00      0.08      0.04      0.00     99.86
                all      0.01      0.00      0.15      0.24      0.00     99.60
                all      0.02      0.00      0.10      0.04      0.00     99.83
                all      0.03      0.00      0.12      0.00      0.00     99.85
                all      0.09      0.00      0.24      0.02      0.00     99.66
                all      0.02      0.00      0.13      0.00      0.00     99.85
                all      0.01      0.00      0.07      0.00      0.00     99.91
                all      0.02      0.00      0.07      0.00      0.00     99.91
start----
                all      0.08      0.00      0.58      0.02      0.00     99.32
                all      0.03      0.00      3.01      0.00      0.00     96.96
                all      0.04      0.00      0.51      0.01      0.00     99.44
end------
                all      0.08      0.00      0.35      0.00      0.00     99.57
                all      0.11      0.00      0.46      0.00      0.00     99.42
                all      0.10      0.00      0.48      0.00      0.00     99.42
start----
                all      0.13      0.00      1.18      0.02      0.00     98.67
                all      0.06      0.00      3.01      0.00      0.00     96.93
                all      0.02      0.00      0.08      0.00      0.00     99.89
end------
                all      0.10      0.00      0.42      0.00      0.00     99.48
                all      0.11      0.00      0.46      0.00      0.00     99.44
                all      0.12      0.00      0.46      0.00      0.00     99.42
start----
                all      0.12      0.00      1.39      0.01      0.00     98.48
                all      0.07      0.00      2.73      0.00      0.00     97.20
end------
                all      0.00      0.00      0.04      0.00      0.00     99.96
                all      0.11      0.00      0.47      0.00      0.00     99.42
                all      0.11      0.00      0.46      0.00      0.00     99.42
                all      0.34      0.00      0.51      0.00      0.00     99.15
start----
                all      0.52      0.00      1.75      0.02      0.00     97.71
                all      0.03      0.00      3.00      0.00      0.00     96.97
                all      0.04      0.00      2.99      0.00      0.00     96.97
                all      0.05      0.00      0.30      0.00      0.00     99.64
end------
                all      0.06      0.00      0.26      0.00      0.00     99.67
                all      0.11      0.00      0.45      0.00      0.00     99.43
                all      0.11      0.00      0.46      0.00      0.00     99.43
start----
                all      0.12      0.00      0.79      0.02      0.00     99.07
                all      0.03      0.00      3.00      0.00      0.00     96.96
                all      0.04      0.00      3.00      0.00      0.00     96.97
                all      0.05      0.00      1.30      0.01      0.00     98.64
end------
                all      0.06      0.00      0.24      0.00      0.00     99.71
                all      0.12      0.00      0.45      0.00      0.00     99.43
                all      0.10      0.00      0.47      0.00      0.00     99.42
start----
                all      0.10      0.00      0.44      0.02      0.00     99.45
                all      0.07      0.00      2.94      0.01      0.00     96.99
                all      0.05      0.00      2.99      0.00      0.00     96.96
                all      0.07      0.00      1.78      0.01      0.00     98.13
end------
                all      0.01      0.00      0.06      0.00      0.00     99.93
                all      0.11      0.00      0.46      0.00      0.00     99.43
                all      0.11      0.00      0.46      0.00      0.00     99.43
                all      0.11      0.00      0.47      0.00      0.00     99.42
start----
                all      0.09      0.00      2.11      0.02      0.00     97.78
                all      0.03      0.00      3.02      0.00      0.00     96.95
                all      0.02      0.00      3.44      0.00      0.00     96.54
                all      0.08      0.00      3.41      0.00      0.00     96.51
                all      0.01      0.00      3.02      0.00      0.00     96.97
                all      0.08      0.00      1.67      0.00      0.00     98.24
end------
                all      0.03      0.00      0.15      0.00      0.00     99.82
                all      0.11      0.00      0.46      0.00      0.00     99.43
                all      0.11      0.00      0.46      0.00      0.00     99.42
start----
                all      0.10      0.00      0.42      0.00      0.00     99.48
                all      0.07      0.00      2.70      0.01      0.00     97.21
                all      0.03      0.00      3.01      0.00      0.00     96.96
                all      0.03      0.00      3.55      0.00      0.00     96.42
                all      0.06      0.00      3.29      0.00      0.00     96.65
                all      0.01      0.00      3.01      0.00      0.00     96.97
                all      0.08      0.00      0.82      0.00      0.00     99.09
end------
                all      0.06      0.00      0.19      0.00      0.00     99.74
                all      0.11      0.00      0.46      0.00      0.00     99.43
                all      0.10      0.00      0.47      0.00      0.00     99.43
start----
                all      0.10      0.00      0.40      0.01      0.00     99.49
                all      0.07      0.00      2.93      0.01      0.00     96.99
                all      0.03      0.00      3.03      0.00      0.00     96.94
                all      0.03      0.00      3.54      0.00      0.00     96.43
                all      0.10      0.00      3.21      0.00      0.00     96.69
                all      0.01      0.00      3.02      0.00      0.00     96.97
                all      0.10      0.00      0.66      0.00      0.00     99.24
end------
                all      0.07      0.00      0.34      0.00      0.00     99.59
                all      0.15      0.00      0.52      0.01      0.00     99.31
                all      0.11      0.00      0.45      0.00      0.00     99.43
start----
                all      0.14      0.00      0.98      0.02      0.00     98.86
                all      0.03      0.00      3.00      0.00      0.00     96.96
                all      0.04      0.00      3.16      0.00      0.00     96.80
                all      0.03      0.00      3.52      0.00      0.00     96.45
                all      0.03      0.00      3.52      0.00      0.00     96.45
                all      0.04      0.00      3.54      0.00      0.00     96.42
                all      0.03      0.00      3.53      0.00      0.00     96.44
                all      0.37      0.00      2.34      0.79      0.00     96.50
                all      0.44      0.00      2.68      0.03      0.00     96.86
                all      0.02      0.00      3.02      0.00      0.00     96.97
                all      0.01      0.00      3.02      0.00      0.00     96.97
                all      0.20      0.00      2.24      0.00      0.00     97.56
end------
                all      0.02      0.00      0.05      0.00      0.00     99.93
                all      0.11      0.00      0.42      0.00      0.00     99.47
                all      0.11      0.00      0.46      0.00      0.00     99.43
                all      0.12      0.00      0.45      0.00      0.00     99.42
start----
                all      0.11      0.00      1.42      0.03      0.00     98.44
                all      0.03      0.00      3.01      0.00      0.00     96.96
                all      0.03      0.00      3.20      0.00      0.00     96.78
                all      0.03      0.00      3.55      0.00      0.00     96.41
                all      0.03      0.00      3.53      0.00      0.00     96.44
                all      0.03      0.00      3.56      0.00      0.00     96.41
                all      0.03      0.00      3.50      0.00      0.00     96.47
                all      0.21      0.00      2.46      0.77      0.00     96.56
                all      0.01      0.00      3.06      0.00      0.00     96.92
                all      0.02      0.00      3.02      0.00      0.00     96.96
                all      0.02      0.00      3.03      0.00      0.00     96.95
                all      0.45      0.00      1.21      0.00      0.00     98.33
end------
                all      0.03      0.00      0.17      0.00      0.00     99.79
                all      0.11      0.00      0.46      0.00      0.00     99.43
                all      0.12      0.00      0.46      0.00      0.00     99.42
start----
                all      0.10      0.00      0.44      0.01      0.00     99.45
                all      0.07      0.00      2.71      0.01      0.00     97.20
                all      0.03      0.00      3.01      0.00      0.00     96.96
                all      0.03      0.00      3.47      0.00      0.00     96.51
                all      0.03      0.00      3.62      0.00      0.00     96.35
                all      0.03      0.00      3.57      0.00      0.00     96.40
                all      0.03      0.00      3.56      0.00      0.00     96.41
                all      0.03      0.00      2.91      0.56      0.00     96.50
                all      0.26      0.00      2.55      0.46      0.00     96.73
                all      0.02      0.00      3.02      0.00      0.00     96.96
                all      0.01      0.00      3.02      0.00      0.00     96.96
                all      0.12      0.00      2.79      0.00      0.00     97.09
                all      0.02      0.00      0.07      0.00      0.00     99.91
end------
                all      0.07      0.00      0.33      0.00      0.00     99.60
                all      0.11      0.00      0.45      0.00      0.00     99.44
                all      0.12      0.00      0.46      0.07      0.00     99.35
start----
                all      0.17      0.00      1.90      0.02      0.00     97.92
                all      0.07      0.00      5.55      0.00      0.00     94.39
                all      0.01      0.00      0.06      0.00      0.00     99.92
end------
                all      0.10      0.00      0.40      0.00      0.00     99.51
                all      0.11      0.00      0.45      0.01      0.00     99.42
                all      0.11      0.00      0.46      0.06      0.00     99.37
start----
                all      0.14      0.00      3.13      0.02      0.00     96.71
                all      0.07      0.00      4.14      0.00      0.00     95.78
end------
                all      0.03      0.00      0.11      0.00      0.00     99.86
                all      0.12      0.00      0.46      0.00      0.00     99.42
                all      0.12      0.00      0.45      0.00      0.00     99.43
start----
                all      0.14      0.00      0.52      0.00      0.00     99.33
                all      0.15      0.00      4.53      0.01      0.00     95.30
                all      0.05      0.00      2.69      0.00      0.00     97.26
end------
                all      0.05      0.00      0.23      0.00      0.00     99.73
                all      0.12      0.00      0.44      0.00      0.00     99.44
                all      0.12      0.00      0.46      0.00      0.00     99.42
start----
                all      0.11      0.00      0.39      0.01      0.00     99.49
                all      0.14      0.00      5.67      0.01      0.00     94.17
                all      0.05      0.00      5.94      0.00      0.00     94.01
                all      0.07      0.00      2.41      0.01      0.00     97.52
end------
                all      0.04      0.00      0.16      0.00      0.00     99.80
                all      0.12      0.00      0.44      0.00      0.00     99.44
                all      0.11      0.00      0.46      0.00      0.00     99.43
start----
                all      0.11      0.00      0.41      0.00      0.00     99.48
                all      0.13      0.00      5.23      0.01      0.00     94.63
                all      0.25      0.00      5.74      0.00      0.00     94.01
                all      0.07      0.00      3.18      0.00      0.00     96.74
end------
                all      0.04      0.00      0.17      0.00      0.00     99.79
                all      0.11      0.00      0.46      0.00      0.00     99.43
                all      0.12      0.00      0.46      0.07      0.00     99.35
start----
                all      0.10      0.00      0.41      0.00      0.00     99.49
                all      0.13      0.00      5.42      0.01      0.00     94.44
                all      0.06      0.00      5.94      0.00      0.00     94.01
                all      0.08      0.00      2.69      0.01      0.00     97.22
end------
                all      0.02      0.00      0.13      0.00      0.00     99.85
                all      0.11      0.00      0.45      0.00      0.00     99.43
                all      0.11      0.00      0.46      0.00      0.00     99.43
start----
                all      0.11      0.00      0.42      0.00      0.00     99.47
                all      0.14      0.00      4.81      0.03      0.00     95.03
                all      0.04      0.00      6.04      0.00      0.00     93.92
                all      0.09      0.00      6.41      0.00      0.00     93.50
                all      0.02      0.00      6.03      0.00      0.00     93.95
                all      0.15      0.00      5.37      0.00      0.00     94.48
end------
                all      0.01      0.00      0.05      0.00      0.00     99.94
                all      0.10      0.00      0.44      0.00      0.00     99.46
                all      0.12      0.00      0.45      0.00      0.00     99.42
                all      0.11      0.00      0.46      0.00      0.00     99.43
start----
                all      0.15      0.00      3.26      0.02      0.00     96.57
                all      0.04      0.00      5.96      0.00      0.00     94.00
                all      0.03      0.00      6.41      0.00      0.00     93.55
                all      0.13      0.00      6.11      0.00      0.00     93.75
                all      0.01      0.00      5.97      0.00      0.00     94.02
                all      0.27      0.00      1.02      0.00      0.00     98.72
end------
                all      0.07      0.00      0.27      0.00      0.00     99.66
                all      0.11      0.00      0.46      0.00      0.00     99.43
                all      0.11      0.00      0.46      0.00      0.00     99.42
start----
                all      0.19      0.00      1.07      0.03      0.00     98.72
                all      0.03      0.00      5.96      0.00      0.00     94.01
                all      0.03      0.00      6.23      0.00      0.00     93.74
                all      0.14      0.00      6.26      0.00      0.00     93.60
                all      0.01      0.00      5.97      0.00      0.00     94.02
                all      0.16      0.00      3.35      0.00      0.00     96.48
end------
                all      0.01      0.00      0.07      0.00      0.00     99.93
                all      0.11      0.00      0.45      0.00      0.00     99.44
                all      0.12      0.00      0.45      0.00      0.00     99.43
                all      0.11      0.00      0.46      0.00      0.00     99.43
start----
                all      0.15      0.00      4.03      0.01      0.00     95.80
                all      0.04      0.00      5.99      0.00      0.00     93.97
                all      0.03      0.00      6.49      0.00      0.00     93.48
                all      0.04      0.00      6.48      0.00      0.00     93.48
                all      0.04      0.00      6.53      0.01      0.00     93.42
                all      0.16      0.00      4.91      1.49      0.00     93.44
                all      0.16      0.00      5.87      0.03      0.00     93.93
                all      0.01      0.00      5.96      0.00      0.00     94.02
                all      0.02      0.00      5.97      0.00      0.00     94.01
                all      0.33      0.00      5.29      0.00      0.00     94.38
                all      0.02      0.00      0.08      0.01      0.00     99.89
end------
                all      0.08      0.00      0.33      0.00      0.00     99.60
                all      0.11      0.00      0.47      0.00      0.00     99.42
                all      0.12      0.00      0.45      0.07      0.00     99.36
start----
                all      0.18      0.00      2.01      0.01      0.00     97.80
                all      0.04      0.00      5.95      0.00      0.00     94.01
                all      0.03      0.00      6.30      0.00      0.00     93.67
                all      0.03      0.00      6.48      0.00      0.00     93.48
                all      0.03      0.00      6.53      0.00      0.00     93.44
                all      0.04      0.00      6.06      0.45      0.00     93.45
                all      0.38      0.00      4.56      1.27      0.00     93.80
                all      0.02      0.00      5.97      0.00      0.00     94.01
                all      0.02      0.00      5.98      0.00      0.00     94.00
                all      0.02      0.00      5.97      0.00      0.00     94.01
                all      0.34      0.00      1.59      0.00      0.00     98.06
end------
                all      0.06      0.00      0.27      0.00      0.00     99.68
                all      0.12      0.00      0.45      0.00      0.00     99.43
                all      0.11      0.00      0.45      0.00      0.00     99.43
start----
                all      0.20      0.00      1.02      0.02      0.00     98.76
                all      0.03      0.00      5.96      0.00      0.00     94.01
                all      0.03      0.00      6.21      0.00      0.00     93.76
                all      0.03      0.00      6.52      0.00      0.00     93.45
                all      0.03      0.00      6.55      0.00      0.00     93.42
                all      0.04      0.00      6.26      0.29      0.00     93.42
                all      0.54      0.00      3.63      2.23      0.00     93.61
                all      0.02      0.00      6.02      0.01      0.00     93.96
                all      0.01      0.00      5.97      0.00      0.00     94.02
                all      0.01      0.00      5.97      0.00      0.00     94.02
                all      0.47      0.00      3.53      0.01      0.00     95.99
end------
                all      0.00      0.00      0.04      0.00      0.00     99.96
                all      0.12      0.00      0.45      0.00      0.00     99.43
                all      0.11      0.00      0.46      0.00      0.00     99.43
                all      0.11      0.00      0.46      0.00      0.00     99.43
start----
                all      0.27      0.00      6.65      0.03      0.00     93.05
                all      0.11      0.00      8.16      0.00      0.00     91.73
end------
                all      0.02      0.00      0.09      0.00      0.00     99.89
                all      0.11      0.00      0.45      0.00      0.00     99.44
                all      0.11      0.00      0.46      0.00      0.00     99.43
                all      0.11      0.00      0.45      0.00      0.00     99.43
start----
                all      0.28      0.00      8.49      0.02      0.00     91.21
                all      0.14      0.00      6.14      0.00      0.00     93.72
end------
                all      0.04      0.00      0.16      0.00      0.00     99.80
                all      0.11      0.00      0.46      0.00      0.00     99.42
                all      0.12      0.00      0.47      0.00      0.00     99.41
start----
                all      0.10      0.00      0.41      0.00      0.00     99.49
                all      0.29      0.00     10.49      0.02      0.00     89.19
                all      0.07      0.00      4.16      0.00      0.00     95.77
end------
                all      0.05      0.00      0.23      0.00      0.00     99.71
                all      0.11      0.00      0.45      0.00      0.00     99.44
                all      0.11      0.00      0.46      0.07      0.00     99.36
start----
                all      0.21      0.00      0.92      0.02      0.00     98.84
                all      0.13      0.00     11.69      0.00      0.00     88.18
                all      0.07      0.00     11.81      0.00      0.00     88.12
                all      0.08      0.00      4.05      0.00      0.00     95.87
end------
                all      0.03      0.00      0.14      0.00      0.00     99.83
                all      0.13      0.00      0.54      0.00      0.00     99.32
                all      0.12      0.00      0.44      0.00      0.00     99.44
start----
                all      0.10      0.00      0.41      0.00      0.00     99.49
                all      0.25      0.00     10.26      0.01      0.00     89.47
                all      0.11      0.00     11.77      0.00      0.00     88.12
                all      0.08      0.00      6.10      0.00      0.00     93.82
end------
                all      0.01      0.00      0.07      0.00      0.00     99.92
                all      0.11      0.00      0.47      0.00      0.00     99.42
                all      0.11      0.00      0.45      0.07      0.00     99.37
                all      0.11      0.00      0.46      0.00      0.00     99.43
start----
                all      0.27      0.00      8.12      0.03      0.00     91.59
                all      0.08      0.00     11.80      0.00      0.00     88.12
                all      0.10      0.00      8.35      0.00      0.00     91.55
end------
                all      0.02      0.00      0.08      0.00      0.00     99.90
                all      0.11      0.00      0.45      0.00      0.00     99.44
                all      0.11      0.00      0.45      0.07      0.00     99.36
                all      0.11      0.00      0.46      0.00      0.00     99.43
start----
                all      0.28      0.00      8.14      0.02      0.00     91.56
                all      0.03      0.00     11.90      0.00      0.00     88.07
                all      0.04      0.00     12.39      0.00      0.00     87.57
                all      0.18      0.00     11.79      0.00      0.00     88.02
                all      0.04      0.00     11.84      0.00      0.00     88.12
                all      0.25      0.00      0.52      0.00      0.00     99.23
end------
                all      0.07      0.00      0.30      0.00      0.00     99.63
                all      0.11      0.00      0.45      0.00      0.00     99.44
                all      0.12      0.00      0.45      0.07      0.00     99.36
start----
                all      0.32      0.00      2.27      0.03      0.00     97.39
                all      0.04      0.00     11.86      0.00      0.00     88.11
                all      0.03      0.00     12.16      0.00      0.00     87.81
                all      0.19      0.00     12.06      0.00      0.00     87.75
                all      0.02      0.00     11.86      0.00      0.00     88.12
                all      0.17      0.00      6.61      0.01      0.00     93.22
end------
                all      0.01      0.00      0.07      0.00      0.00     99.92
                all      0.12      0.00      0.45      0.00      0.00     99.44
                all      0.11      0.00      0.45      0.07      0.00     99.37
                all      0.12      0.00      0.45      0.00      0.00     99.43
start----
                all      0.27      0.00      7.69      0.03      0.00     92.01
                all      0.03      0.00     11.89      0.00      0.00     88.08
                all      0.03      0.00     12.42      0.00      0.00     87.55
                all      0.18      0.00     11.78      0.00      0.00     88.04
                all      0.02      0.00     11.86      0.00      0.00     88.12
                all      0.15      0.00      0.88      0.00      0.00     98.97
end------
                all      0.09      0.00      0.39      0.00      0.00     99.52
                all      0.13      0.00      0.44      0.00      0.00     99.44
                all      0.11      0.00      0.46      0.00      0.00     99.42
start----
                all      0.29      0.00      4.03      0.01      0.00     95.67
                all      0.03      0.00     11.86      0.00      0.00     88.11
                all      0.03      0.00     12.25      0.00      0.00     87.72
                all      0.04      0.00     12.41      0.00      0.00     87.55
                all      0.04      0.00     12.34      0.00      0.00     87.62
                all      0.04      0.00     12.35      0.00      0.00     87.61
                all      0.09      0.00     11.88      0.00      0.00     88.02
                all      0.01      0.00     11.86      0.00      0.00     88.13
                all      0.02      0.00     11.87      0.00      0.00     88.11
                all      0.13      0.00     11.75      0.00      0.00     88.12
                all      0.41      0.00      0.53      0.00      0.00     99.06
end------
                all      0.07      0.00      0.25      0.00      0.00     99.68
                all      0.13      0.00      0.45      0.00      0.00     99.43
                all      0.12      0.00      0.45      0.07      0.00     99.36
start----
                all      0.31      0.00      1.68      0.03      0.00     97.99
                all      0.06      0.00     11.93      0.00      0.00     88.01
                all      0.03      0.00     12.15      0.00      0.00     87.82
                all      0.04      0.00     12.40      0.00      0.00     87.56
                all      0.03      0.00     12.44      0.00      0.00     87.53
                all      0.03      0.00     12.45      0.00      0.00     87.51
                all      0.35      0.00     11.82      0.00      0.00     87.83
                all      0.01      0.00     11.86      0.00      0.00     88.12
                all      0.02      0.00     11.88      0.00      0.00     88.10
                all      0.02      0.00     11.88      0.00      0.00     88.11
                all      0.41      0.00      3.37      0.01      0.00     96.21
end------
                all      0.06      0.00      0.27      0.00      0.00     99.67
                all      0.11      0.00      0.45      0.00      0.00     99.44
                all      0.12      0.00      0.45      0.00      0.00     99.44
start----
                all      0.28      0.00      1.12      0.03      0.00     98.57
                all      0.06      0.00     11.76      0.00      0.00     88.18
                all      0.08      0.00     12.11      0.03      0.00     87.78
                all      0.06      0.00     12.43      0.00      0.00     87.52
                all      0.04      0.00     12.44      0.00      0.00     87.52
                all      0.03      0.00     12.46      0.00      0.00     87.51
                all      0.14      0.00     12.04      0.00      0.00     87.81
                all      0.02      0.00     11.86      0.00      0.00     88.12
                all      0.02      0.00     11.85      0.00      0.00     88.13
                all      0.02      0.00     11.85      0.00      0.00     88.13
                all      0.44      0.00      3.54      0.00      0.00     96.02
end------
                all      0.03      0.00      0.14      0.00      0.00     99.83
                all      0.11      0.00      0.45      0.00      0.00     99.43
                all      0.13      0.00      0.44      0.07      0.00     99.37
start----
                all      0.11      0.00      0.42      0.00      0.00     99.47
                all      0.83      0.00     19.12      0.04      0.00     80.01
                all      0.13      0.00     10.58      0.00      0.00     89.29
end------
                all      0.04      0.00      0.18      0.00      0.00     99.79
                all      0.12      0.00      0.45      0.00      0.00     99.44
                all      0.11      0.00      0.45      0.07      0.00     99.37
start----
                all      0.12      0.00      0.39      0.01      0.00     99.48
                all      0.76      0.00     19.77      0.03      0.00     79.43
                all      0.13      0.00     10.07      0.00      0.00     89.79
end------
                all      0.09      0.00      0.21      0.00      0.00     99.70
                all      0.15      0.00      0.71      0.00      0.00     99.13
                all      0.21      0.00      0.51      0.01      0.00     99.27
start----
                all      0.15      0.00      0.78      0.10      0.00     98.96
                all      0.72      0.00     21.31      0.02      0.00     77.95
                all      0.13      0.00      8.06      0.02      0.00     91.79
end------
                all      0.05      0.00      0.24      0.00      0.00     99.71
                all      0.18      0.00      0.58      0.03      0.00     99.20
                all      0.12      0.00      0.45      0.00      0.00     99.44
start----
                all      0.11      0.00      0.39      0.00      0.00     99.49
                all      0.62      0.00     19.78      0.03      0.00     79.57
                all      0.18      0.00     23.47      0.00      0.00     76.35
                all      0.15      0.00     13.22      0.01      0.00     86.62
end------
                all      0.03      0.00      0.11      0.00      0.00     99.86
                all      0.12      0.00      0.44      0.00      0.00     99.44
                all      0.11      0.00      0.46      0.00      0.00     99.43
start----
                all      0.11      0.00      0.42      0.00      0.00     99.47
                all      0.61      0.00     17.19      0.06      0.00     82.15
                all      0.14      0.00     23.52      0.00      0.00     76.34
                all      0.17      0.00     16.48      0.00      0.00     83.35
                all      0.01      0.00      0.06      0.00      0.00     99.93
end------
                all      0.11      0.00      0.41      0.00      0.00     99.48
                all      0.11      0.00      0.46      0.02      0.00     99.41
                all      0.11      0.00      0.46      0.04      0.00     99.38
start----
                all      0.68      0.00     10.72      0.13      0.00     88.47
                all      0.17      0.00     23.54      0.00      0.00     76.29
                all      0.13      0.00     22.90      0.00      0.00     76.97
                all      0.03      0.00      0.08      0.01      0.00     99.88
end------
                all      0.06      0.00      0.29      0.00      0.00     99.64
                all      0.13      0.00      0.44      0.00      0.00     99.43
                all      0.12      0.00      0.45      0.07      0.00     99.36
start----
                all      0.66      0.00      3.41      0.05      0.00     95.88
                all      0.03      0.00     23.64      0.00      0.00     76.33
                all      0.04      0.00     23.95      0.00      0.00     76.01
                all      0.23      0.00     23.62      0.01      0.00     76.13
                all      0.02      0.00     23.66      0.00      0.00     76.32
                all      0.36      0.00     13.17      0.01      0.00     86.46
end------
                all      0.01      0.00      0.06      0.00      0.00     99.93
                all      0.12      0.00      0.44      0.00      0.00     99.44
                all      0.13      0.00      0.44      0.07      0.00     99.36
                all      0.13      0.00      0.45      0.00      0.00     99.42
start----
                all      0.64      0.00     14.65      0.05      0.00     84.67
                all      0.04      0.00     23.66      0.00      0.00     76.30
                all      0.03      0.00     24.23      0.00      0.00     75.74
                all      0.20      0.00     23.51      0.00      0.00     76.29
                all      0.02      0.00     23.66      0.00      0.00     76.32
                all      0.33      0.00      1.88      0.00      0.00     97.78
end------
                all      0.09      0.00      0.36      0.00      0.00     99.54
                all      0.11      0.00      0.45      0.00      0.00     99.44
                all      0.12      0.00      0.45      0.00      0.00     99.43
start----
                all      0.71      0.00      5.32      0.05      0.00     93.92
                all      0.03      0.00     23.66      0.00      0.00     76.31
                all      0.03      0.00     23.97      0.00      0.00     76.00
                all      0.26      0.00     23.38      0.03      0.00     76.33
                all      0.02      0.00     23.65      0.00      0.00     76.33
                all      0.52      0.00     11.18      0.00      0.00     88.30
end------
                all      0.02      0.00      0.10      0.00      0.00     99.88
                all      0.12      0.00      0.44      0.00      0.00     99.44
                all      0.13      0.00      0.44      0.00      0.00     99.43
                all      0.11      0.00      0.45      0.00      0.00     99.44
start----
                all      0.69      0.00     14.76      0.04      0.00     84.51
                all      0.03      0.00     23.67      0.00      0.00     76.30
                all      0.04      0.00     24.13      0.00      0.00     75.83
                all      0.04      0.00     24.11      0.00      0.00     75.84
                all      0.04      0.00     24.13      0.00      0.00     75.83
                all      0.32      0.00     23.28      0.01      0.00     76.39
                all      0.02      0.00     23.68      0.01      0.00     76.29
                all      0.02      0.00     23.66      0.00      0.00     76.32
                all      0.02      0.00     23.66      0.00      0.00     76.32
                all      0.77      0.00     16.01      0.00      0.00     83.22
                all      0.01      0.00      0.05      0.00      0.00     99.94
end------
                all      0.11      0.00      0.42      0.00      0.00     99.46
                all      0.14      0.00      0.45      0.07      0.00     99.35
                all      0.10      0.00      0.46      0.00      0.00     99.44
start----
                all      0.65      0.00     10.16      0.06      0.00     89.14
                all      0.03      0.00     23.65      0.00      0.00     76.32
                all      0.04      0.00     24.07      0.00      0.00     75.89
                all      0.04      0.00     24.12      0.00      0.00     75.84
                all      0.04      0.00     24.14      0.00      0.00     75.82
                all      0.29      0.00     23.55      0.00      0.00     76.15
                all      0.02      0.00     23.66      0.01      0.00     76.30
                all      0.02      0.00     23.68      0.00      0.00     76.30
                all      0.02      0.00     23.67      0.00      0.00     76.31
                all      0.63      0.00     20.33      0.00      0.00     79.04
                all      0.02      0.00      0.08      0.01      0.00     99.89
end------
                all      0.12      0.00      0.40      0.00      0.00     99.47
                all      0.13      0.00      0.43      0.00      0.00     99.44
                all      0.13      0.00      0.45      0.00      0.00     99.42
start----
                all      0.69      0.00      6.06      0.05      0.00     93.20
                all      0.03      0.00     23.64      0.00      0.00     76.33
                all      0.04      0.00     24.03      0.00      0.00     75.94
                all      0.04      0.00     24.22      0.00      0.00     75.74
                all      0.03      0.00     24.20      0.00      0.00     75.77
                all      0.03      0.00     24.22      0.00      0.00     75.75
                all      0.49      0.00     23.20      0.00      0.00     76.31
                all      0.02      0.00     23.65      0.00      0.00     76.32
                all      0.01      0.00     23.65      0.00      0.00     76.34
                all      0.03      0.00     23.65      0.00      0.00     76.32
                all      0.32      0.00      2.06      0.01      0.00     97.61
end------
                all      0.09      0.00      0.32      0.00      0.00     99.59
                all      0.13      0.00      0.43      0.00      0.00     99.44
                all      0.14      0.00      0.44      0.07      0.00     99.35
start----
                all      0.73      0.00      6.77      0.07      0.00     92.43
                all      1.98      0.00     44.03      0.01      0.00     53.98
                all      0.50      0.00     22.99      0.00      0.00     76.51
end------
                all      0.03      0.00      0.13      0.00      0.00     99.84
                all      0.13      0.00      0.45      0.00      0.00     99.43
                all      0.13      0.00      0.43      0.00      0.00     99.44
start----
                all      0.12      0.00      0.41      0.00      0.00     99.47
                all      2.39      0.00     30.33      0.05      0.00     67.23
                all      1.10      0.00     42.02      0.00      0.00     56.88
                all      0.03      0.00      0.07      0.00      0.00     99.90
end------
                all      0.10      0.00      0.39      0.00      0.00     99.52
                all      0.13      0.00      0.44      0.00      0.00     99.43
                all      0.13      0.00      0.44      0.00      0.00     99.44
start----
                all      2.21      0.00      9.65      0.05      0.00     88.09
                all      0.67      0.00     45.88      0.00      0.00     53.45
                all      0.51      0.00     17.43      0.00      0.00     82.07
end------
                all      0.05      0.00      0.20      0.00      0.00     99.74
                all      0.13      0.00      0.44      0.00      0.00     99.44
                all      0.12      0.00      0.45      0.00      0.00     99.43
start----
                all      0.11      0.00      0.41      0.00      0.00     99.48
                all      2.35      0.00     35.95      0.08      0.00     61.63
                all      0.65      0.00     46.39      0.00      0.00     52.96
                all      0.31      0.00     46.94      0.00      0.00     52.76
                all      0.20      0.00      3.91      0.00      0.00     95.89
end------
                all      0.07      0.00      0.30      0.00      0.00     99.62
                all      0.13      0.00      0.44      0.00      0.00     99.43
                all      0.13      0.00      0.45      0.00      0.00     99.43
start----
                all      0.98      0.00      6.02      0.07      0.00     92.92
                all      1.40      0.00     44.17      0.01      0.00     54.43
                all      0.63      0.00     46.49      0.00      0.00     52.89
                all      0.54      0.00     37.46      0.00      0.00     62.00
end------
                all      0.01      0.00      0.03      0.00      0.00     99.96
                all      0.22      0.00      0.56      0.00      0.00     99.22
                all      0.13      0.00      0.44      0.00      0.00     99.43
                all      0.13      0.00      0.44      0.00      0.00     99.44
start----
                all      2.21      0.00     16.75      0.07      0.00     80.97
                all      0.04      0.00     47.24      0.00      0.00     52.72
                all      0.62      0.00     46.42      0.00      0.00     52.96
                all      0.53      0.00     22.12      0.00      0.00     77.35
end------
                all      0.03      0.00      0.08      0.00      0.00     99.89
                all      0.12      0.00      0.44      0.00      0.00     99.44
                all      0.13      0.00      0.43      0.00      0.00     99.43
                all      0.13      0.00      0.45      0.00      0.00     99.43
start----
                all      2.55      0.00     21.03      0.05      0.00     76.37
                all      0.03      0.00     47.25      0.00      0.00     52.71
                all      0.03      0.00     47.60      0.00      0.00     52.37
                all      0.54      0.00     46.59      0.00      0.00     52.87
                all      0.02      0.00     47.26      0.00      0.00     52.71
                all      0.78      0.00     44.49      0.00      0.00     54.73
                all      0.03      0.00      0.11      0.00      0.00     99.86
end------
                all      0.10      0.00      0.35      0.00      0.00     99.55
                all      0.13      0.00      0.43      0.00      0.00     99.44
                all      0.13      0.00      0.44      0.00      0.00     99.43
start----
                all      1.60      0.00      9.49      0.12      0.00     88.79
                all      0.69      0.00     45.73      0.00      0.00     53.58
                all      0.03      0.00     47.43      0.00      0.00     52.54
                all      0.65      0.00     46.07      0.00      0.00     53.29
                all      0.02      0.00     47.23      0.03      0.00     52.72
                all      0.02      0.00     47.26      0.00      0.00     52.72
                all      1.19      0.00     11.16      0.00      0.00     87.65
end------
                all      0.04      0.00      0.16      0.00      0.00     99.80
                all      0.13      0.00      0.43      0.00      0.00     99.44
                all      0.14      0.00      0.43      0.00      0.00     99.42
start----
                all      0.12      0.00      0.39      0.00      0.00     99.48
                all      2.36      0.00     31.75      0.06      0.00     65.83
                all      0.04      0.00     47.24      0.00      0.00     52.72
                all      0.04      0.00     47.64      0.00      0.00     52.31
                all      0.59      0.00     44.97      0.03      0.00     54.42
                all      0.02      0.00     47.25      0.00      0.00     52.73
                all      1.86      0.00     32.67      0.00      0.00     65.47
                all      0.02      0.00      0.06      0.00      0.00     99.92
end------
                all      0.10      0.00      0.36      0.00      0.00     99.54
                all      0.14      0.00      0.42      0.00      0.00     99.44
                all      0.12      0.00      0.45      0.06      0.00     99.37
start----
                all      2.38      0.00     10.06      0.07      0.00     87.49
                all      0.06      0.00     47.21      0.00      0.00     52.73
                all      0.04      0.00     47.45      0.00      0.00     52.51
                all      0.04      0.00     47.72      0.01      0.00     52.23
                all      0.04      0.00     47.73      0.00      0.00     52.23
                all      0.04      0.00     47.73      0.00      0.00     52.23
                all      0.59      0.00     44.99      0.01      0.00     54.41
                all      0.03      0.00     47.27      0.00      0.00     52.71
                all      0.02      0.00     47.25      0.00      0.00     52.73
                all      0.02      0.00     47.25      0.00      0.00     52.72
                all      0.48      0.00     46.77      0.00      0.00     52.75
                all      1.52      0.00     13.80      0.01      0.00     84.67
end------
                all      0.03      0.00      0.08      0.00      0.00     99.89
                all      0.13      0.00      0.44      0.00      0.00     99.43
                all      0.13      0.00      0.43      0.07      0.00     99.37
start----
                all      0.14      0.00      0.41      0.00      0.00     99.45
                all      2.26      0.00     28.92      0.10      0.00     68.72
                all      0.04      0.00     47.23      0.00      0.00     52.74
                all      0.04      0.00     47.62      0.00      0.00     52.34
                all      0.03      0.00     47.73      0.00      0.00     52.23
                all      0.04      0.00     47.73      0.00      0.00     52.23
                all      0.03      0.00     47.72      0.00      0.00     52.25
                all      0.62      0.00     45.69      0.02      0.00     53.66
                all      0.02      0.00     47.26      0.00      0.00     52.72
                all      0.02      0.00     47.26      0.00      0.00     52.72
                all      0.02      0.00     47.25      0.00      0.00     52.73
                all      1.30      0.00     43.18      0.00      0.00     55.52
                all      0.02      0.00      0.09      0.00      0.00     99.88
end------
                all      0.09      0.00      0.32      0.00      0.00     99.60
                all      0.15      0.00      0.51      0.00      0.00     99.33
                all      0.14      0.00      0.44      0.00      0.00     99.42
start----
                all      0.88      0.00      3.81      0.05      0.00     95.27
                all      1.52      0.00     44.09      0.03      0.00     54.36
                all      0.04      0.00     47.34      0.00      0.00     52.62
                all      0.03      0.00     47.84      0.00      0.00     52.13
                all      0.04      0.00     47.83      0.00      0.00     52.13
                all      0.04      0.00     47.74      0.00      0.00     52.22
                all      0.04      0.00     47.74      0.00      0.00     52.22
                all      0.57      0.00     46.16      0.02      0.00     53.25
                all      0.03      0.00     47.27      0.00      0.00     52.70
                all      0.02      0.00     47.26      0.00      0.00     52.72
                all      0.03      0.00     47.25      0.00      0.00     52.73
                all      0.89      0.00     26.24      0.00      0.00     72.87
end------
                all      0.03      0.00      0.08      0.00      0.00     99.89
                all      0.14      0.00      0.43      0.00      0.00     99.43
                all      0.14      0.00      0.44      0.00      0.00     99.41
                all      0.14      0.00      0.43      0.00      0.00     99.43
start----
                all      4.62      0.00     34.20      0.28      0.00     60.89
                all      5.35      0.00     85.26      0.03      0.00      9.36
                all      3.10      0.00     90.24      0.00      0.00      6.66
                all      3.31      0.00     26.62      0.00      0.00     70.08
                all      0.01      0.00      0.04      0.00      0.00     99.95
end------
                all      0.13      0.00      0.40      0.00      0.00     99.47
                all      0.13      0.00      0.44      0.03      0.00     99.41
                all      0.14      0.00      0.43      0.05      0.00     99.38
start----
                all      3.51      0.00     17.86      0.11      0.00     78.51
                all      6.92      0.00     78.15      0.03      0.00     14.90
                all      3.01      0.00     90.35      0.00      0.00      6.64
                all      3.98      0.00     53.06      0.00      0.00     42.96
                all      0.03      0.00      0.07      0.00      0.00     99.90
end------
                all      0.09      0.00      0.32      0.00      0.00     99.59
                all      0.14      0.00      0.43      0.00      0.00     99.43
                all      0.14      0.00      0.43      0.07      0.00     99.36
start----
                all      0.94      0.00     12.49      0.04      0.00     86.53
                all      8.82      0.00     63.30      0.11      0.00     27.77
                all      3.09      0.00     90.45      0.00      0.00      6.46
                all      3.71      0.00     70.84      0.00      0.00     25.45
                all      0.03      0.00      0.13      0.00      0.00     99.84
end------
                all      0.07      0.00      0.24      0.00      0.00     99.69
                all      0.14      0.00      0.42      0.00      0.00     99.44
                all      0.13      0.00      0.44      0.00      0.00     99.43
start----
                all      0.35      0.00      3.62      0.04      0.00     95.98
                all      9.97      0.00     53.72      0.09      0.00     36.22
                all      0.04      0.00     94.35      0.00      0.00      5.61
                all      3.07      0.00     90.39      0.00      0.00      6.54
                all      0.03      0.00     94.37      0.00      0.00      5.60
                all      3.48      0.00     74.61      0.00      0.00     21.91
                all      0.03      0.00      0.15      0.00      0.00     99.82
end------
                all      0.07      0.00      0.24      0.00      0.00     99.68
                all      0.13      0.00      0.44      0.00      0.00     99.43
                all      0.13      0.00      0.44      0.00      0.00     99.43
start----
                all      0.22      0.00      1.90      0.06      0.00     97.82
                all      9.24      0.00     51.90      0.15      0.00     38.71
                all      0.04      0.00     94.35      0.00      0.00      5.61
                all      3.08      0.00     90.87      0.00      0.00      6.05
                all      0.03      0.00     94.35      0.00      0.00      5.62
                all      3.85      0.00     79.97      0.00      0.00     16.19
                all      0.03      0.00      0.51      0.00      0.00     99.45
end------
                all      0.06      0.00      0.20      0.00      0.00     99.74
                all      0.14      0.00      0.43      0.00      0.00     99.43
                all      0.16      0.00      0.51      0.00      0.00     99.32
start----
                all      0.15      0.00      0.77      0.03      0.00     99.06
                all      9.91      0.00     48.34      0.10      0.00     41.65
                all      0.21      0.00     92.67      0.00      0.00      7.12
                all      1.31      0.00     93.07      0.00      0.00      5.63
                all      1.92      0.00     91.35      0.00      0.00      6.73
                all      3.84      0.00     83.39      0.00      0.00     12.76
                all      0.04      0.00      2.52      0.00      0.00     97.44
end------
                all      0.07      0.00      0.24      0.00      0.00     99.69
                all      0.15      0.00      0.42      0.00      0.00     99.43
                all      0.14      0.00      0.43      0.00      0.00     99.42
start----
                all      0.44      0.00      5.77      0.24      0.00     93.55
                all      9.53      0.00     55.58      0.11      0.00     34.78
                all      0.03      0.00     94.36      0.00      0.00      5.61
                all      0.04      0.00     94.36      0.00      0.00      5.60
                all      0.05      0.00     94.67      0.00      0.00      5.28
                all      3.02      0.00     91.13      0.00      0.00      5.85
                all      0.02      0.00     93.82      0.00      0.00      6.16
                all      0.02      0.00     94.35      0.00      0.00      5.62
                all      0.03      0.00     94.34      0.00      0.00      5.63
                all      4.07      0.00     36.12      0.00      0.00     59.81
end------
                all      0.01      0.00      0.04      0.00      0.00     99.94
                all      0.14      0.00      0.44      0.00      0.00     99.42
                all      0.14      0.00      0.42      0.00      0.00     99.43
                all      0.15      0.00      0.42      0.00      0.00     99.43
start----
                all      4.61      0.00     22.79      0.34      0.00     72.26
                all      6.70      0.00     78.40      0.03      0.00     14.87
                all      0.04      0.00     94.36      0.00      0.00      5.60
                all      0.04      0.00     94.44      0.00      0.00      5.52
                all      0.04      0.00     94.75      0.00      0.00      5.21
                all      3.23      0.00     87.42      0.00      0.00      9.36
                all      0.03      0.00     94.35      0.00      0.00      5.63
                all      0.03      0.00     94.34      0.00      0.00      5.63
                all      5.72      0.00     85.83      0.00      0.00      8.45
                all      0.07      0.00      7.12      0.00      0.00     92.81
end------
                all      0.04      0.00      0.11      0.00      0.00     99.86
                all      0.13      0.00      0.45      0.00      0.00     99.42
                all      0.14      0.00      0.43      0.07      0.00     99.36
start----
                all      0.12      0.00      0.42      0.00      0.00     99.47
                all      4.53      0.00     41.85      0.29      0.00     53.33
                all      5.25      0.00     86.01      0.08      0.00      8.65
                all      0.04      0.00     94.36      0.00      0.00      5.60
                all      0.04      0.00     94.57      0.00      0.00      5.39
                all      0.14      0.00     94.64      0.00      0.00      5.22
                all      5.92      0.00     85.90      0.00      0.00      8.18
                all      0.03      0.00     94.38      0.00      0.00      5.59
                all      0.05      0.00     94.35      0.00      0.00      5.61
                all      5.23      0.00     70.05      0.00      0.00     24.72
                all      0.03      0.00      0.14      0.00      0.00     99.84
end------
                all      0.06      0.00      0.23      0.00      0.00     99.71
                all      0.14      0.00      0.43      0.00      0.00     99.43
                all      0.14      0.00      0.44      0.07      0.00     99.35
start----
                all      0.36      0.00      4.03      0.04      0.00     95.57
                all      9.62      0.00     53.73      0.10      0.00     36.54
                all      0.04      0.00     94.35      0.00      0.00      5.60
                all      0.04      0.00     94.37      0.00      0.00      5.59
                all      0.04      0.00     94.67      0.00      0.00      5.29
                all      0.03      0.00     94.73      0.00      0.00      5.24
                all      0.03      0.00     94.71      0.00      0.00      5.26
                all      0.04      0.00     94.72      0.00      0.00      5.24
                all      0.08      0.00     94.84      0.00      0.00      5.07
                all      0.18      0.00     94.63      0.00      0.00      5.19
                all      2.87      0.00     90.30      0.00      0.00      6.84
                all      0.03      0.00     94.34      0.00      0.00      5.63
                all      0.02      0.00     94.35      0.00      0.00      5.63
                all      0.04      0.00     94.37      0.00      0.00      5.59
                all      0.03      0.00     94.34      0.00      0.00      5.63
                all      0.03      0.00     94.36      0.00      0.00      5.62
                all      4.03      0.00     74.06      0.00      0.00     21.91
                all      0.03      0.00      0.15      0.01      0.00     99.82
end------
                all      0.10      0.00      0.32      0.00      0.00     99.59
                all      0.14      0.00      0.43      0.00      0.00     99.43
                all      0.13      0.00      0.44      0.00      0.00     99.43
start----
                all      0.79      0.00     10.81      0.04      0.00     88.35
                all      8.60      0.00     59.12      0.10      0.00     32.17
                all      0.04      0.00     94.37      0.00      0.00      5.59
                all      0.04      0.00     94.34      0.00      0.00      5.61
                all      0.03      0.00     94.44      0.00      0.00      5.52
                all      0.04      0.00     94.72      0.00      0.00      5.24
                all      0.04      0.00     94.73      0.00      0.00      5.23
                all      0.04      0.00     94.71      0.00      0.00      5.25
                all      0.03      0.00     94.71      0.00      0.00      5.25
                all      3.54      0.00     90.24      0.00      0.00      6.22
                all      0.03      0.00     93.77      0.00      0.00      6.20
                all      0.03      0.00     94.35      0.00      0.00      5.62
                all      0.03      0.00     94.37      0.00      0.00      5.60
                all      0.03      0.00     94.34      0.00      0.00      5.63
                all      0.03      0.00     94.34      0.00      0.00      5.63
                all      0.03      0.00     94.34      0.00      0.00      5.63
                all      4.65      0.00     56.10      0.00      0.00     39.25
                all      0.03      0.00      0.09      0.00      0.00     99.88
end------
                all      0.07      0.00      0.30      0.00      0.00     99.63
                all      0.13      0.00      0.45      0.00      0.00     99.42
                all      0.14      0.00      0.43      0.00      0.00     99.43
start----
                all      0.79      0.00      9.66      0.03      0.00     89.52
                all      8.42      0.00     58.96      0.09      0.00     32.54
                all      0.04      0.00     94.35      0.00      0.00      5.61
                all      0.04      0.00     94.36      0.00      0.00      5.60
                all      0.04      0.00     94.69      0.00      0.00      5.26
                all      0.04      0.00     94.74      0.00      0.00      5.22
                all      0.04      0.00     94.70      0.00      0.00      5.25
                all      0.04      0.00     94.72      0.00      0.00      5.24
                all      0.04      0.00     94.72      0.00      0.00      5.25
                all      2.85      0.00     91.92      0.00      0.00      5.23
                all      0.39      0.00     89.74      0.00      0.00      9.87
                all      0.03      0.00     94.37      0.00      0.00      5.60
                all      0.05      0.00     94.35      0.00      0.00      5.60
                all      0.03      0.00     94.35      0.00      0.00      5.62
                all      0.03      0.00     94.35      0.00      0.00      5.62
                all      0.03      0.00     94.36      0.00      0.00      5.61
                all      6.98      0.00     52.11      0.00      0.00     40.91
                all      0.03      0.00      0.10      0.01      0.00     99.87
end------
                all      0.08      0.00      0.28      0.00      0.00     99.64
                all      0.14      0.00      0.44      0.00      0.00     99.43
                all      0.14      0.00      0.44      0.07      0.00     99.35
End of data collecting unexpected
