
Linux 5.2.8200225+ (knl03.kisti.re.kr) 	2020년 04월 05일 	_x86_64_	(272 CPU)

                CPU     %user     %nice   %system   %iowait    %steal     %idle
                all      0.03      0.00      0.10      0.00      0.00     99.87
                all      0.02      0.00      0.09      0.15      0.00     99.74
                all      0.01      0.00      0.08      0.37      0.00     99.54
                all      0.01      0.00      0.07      0.37      0.00     99.55
                all      0.02      0.00      0.08      0.22      0.00     99.69
                all      0.02      0.00      0.14      0.24      0.00     99.60
                all      0.02      0.00      0.09      0.03      0.00     99.86
                all      0.03      0.00      0.12      0.00      0.00     99.84
                all      0.09      0.00      0.25      0.10      0.00     99.56
                all      0.02      0.00      0.15      0.00      0.00     99.83
                all      0.02      0.00      0.08      0.00      0.00     99.90
                all      0.01      0.00      0.07      0.00      0.00     99.92
start----
                all      0.07      0.00      0.41      0.02      0.00     99.50
                all      0.03      0.00      3.00      0.00      0.00     96.96
                all      0.04      0.00      0.14      0.00      0.00     99.82
                all      0.01      0.00      0.08      0.00      0.00     99.91
                all      0.02      0.00      0.07      0.00      0.00     99.92
                all      0.02      0.00      0.07      0.00      0.00     99.91
                all      0.08      0.00      1.32      0.02      0.00     98.59
                all      0.05      0.00      2.09      0.00      0.00     97.85
end------
                all      0.03      0.00      0.12      0.00      0.00     99.85
                all      0.10      0.00      0.48      0.00      0.00     99.42
                all      0.11      0.00      0.46      0.00      0.00     99.43
start----
                all      0.11      0.00      0.45      0.00      0.00     99.44
                all      0.08      0.00      2.33      0.02      0.00     97.57
                all      0.04      0.00      1.02      0.00      0.00     98.94
end------
                all      0.06      0.00      0.28      0.00      0.00     99.66
                all      0.11      0.00      0.46      0.00      0.00     99.43
                all      0.12      0.00      0.46      0.00      0.00     99.42
start----
                all      0.13      0.00      0.74      0.03      0.00     99.10
                all      0.04      0.00      3.01      0.00      0.00     96.95
                all      0.03      0.00      3.01      0.00      0.00     96.96
                all      0.06      0.00      0.22      0.00      0.00     99.71
end------
                all      0.08      0.00      0.38      0.00      0.00     99.54
                all      0.11      0.00      0.47      0.00      0.00     99.42
                all      0.11      0.00      0.46      0.00      0.00     99.42
start----
                all      0.10      0.00      1.41      0.02      0.00     98.47
                all      0.03      0.00      3.00      0.00      0.00     96.97
                all      0.04      0.00      2.31      0.00      0.00     97.65
end------
                all      0.02      0.00      0.05      0.00      0.00     99.92
                all      0.11      0.00      0.45      0.00      0.00     99.44
                all      0.12      0.00      0.46      0.00      0.00     99.42
                all      0.12      0.00      0.45      0.00      0.00     99.43
start----
                all      0.09      0.00      1.61      0.02      0.00     98.28
                all      0.03      0.00      3.00      0.00      0.00     96.96
                all      0.06      0.00      2.09      0.00      0.00     97.85
                all      0.00      0.00      0.04      0.00      0.00     99.96
end------
                all      0.09      0.00      0.44      0.00      0.00     99.47
                all      0.11      0.00      0.46      0.03      0.00     99.39
                all      0.11      0.00      0.46      0.04      0.00     99.39
start----
                all      0.10      0.00      1.83      0.02      0.00     98.05
                all      0.03      0.00      3.01      0.00      0.00     96.96
                all      0.06      0.00      3.59      0.00      0.00     96.35
                all      0.04      0.00      3.24      0.00      0.00     96.72
                all      0.06      0.00      2.61      0.00      0.00     97.32
                all      0.02      0.00      0.09      0.00      0.00     99.89
end------
                all      0.09      0.00      0.35      0.00      0.00     99.57
                all      0.11      0.00      0.45      0.00      0.00     99.44
                all      0.11      0.00      0.46      0.08      0.00     99.35
start----
                all      0.11      0.00      1.28      0.02      0.00     98.59
                all      0.04      0.00      3.01      0.00      0.00     96.95
                all      0.03      0.00      3.40      0.00      0.00     96.57
                all      0.05      0.00      3.31      0.00      0.00     96.64
                all      0.01      0.00      3.01      0.00      0.00     96.97
                all      0.11      0.00      0.19      0.00      0.00     99.70
end------
                all      0.09      0.00      0.36      0.00      0.00     99.56
                all      0.11      0.00      0.46      0.00      0.00     99.43
                all      0.10      0.00      0.46      0.00      0.00     99.44
start----
                all      0.11      0.00      1.35      0.02      0.00     98.52
                all      0.04      0.00      3.01      0.00      0.00     96.96
                all      0.04      0.00      3.41      0.00      0.00     96.55
                all      0.04      0.00      3.31      0.00      0.00     96.65
                all      0.06      0.00      2.97      0.00      0.00     96.97
                all      0.17      0.00      0.13      0.00      0.00     99.70
end------
                all      0.09      0.00      0.38      0.00      0.00     99.54
                all      0.12      0.00      0.45      0.00      0.00     99.43
                all      0.11      0.00      0.46      0.00      0.00     99.43
start----
                all      0.11      0.00      1.32      0.02      0.00     98.55
                all      0.04      0.00      3.00      0.00      0.00     96.96
                all      0.03      0.00      3.39      0.00      0.00     96.58
                all      0.03      0.00      3.54      0.00      0.00     96.43
                all      0.03      0.00      3.52      0.01      0.00     96.44
                all      0.03      0.00      3.50      0.00      0.00     96.47
                all      0.03      0.00      1.99      1.52      0.00     96.46
                all      1.16      0.00      1.77      0.50      0.00     96.57
                all      0.01      0.00      3.02      0.00      0.00     96.96
                all      0.02      0.00      3.02      0.00      0.00     96.96
                all      0.13      0.00      2.06      0.00      0.00     97.82
end------
                all      0.01      0.00      0.04      0.00      0.00     99.95
                all      0.10      0.00      0.44      0.00      0.00     99.46
                all      0.12      0.00      0.46      0.03      0.00     99.38
                all      0.11      0.00      0.46      0.04      0.00     99.39
start----
                all      0.10      0.00      1.81      0.01      0.00     98.07
                all      0.04      0.00      3.00      0.00      0.00     96.96
                all      0.03      0.00      3.44      0.00      0.00     96.53
                all      0.03      0.00      3.55      0.00      0.00     96.42
                all      0.03      0.00      3.55      0.00      0.00     96.41
                all      0.03      0.00      3.44      0.07      0.00     96.46
                all      0.36      0.00      1.99      1.14      0.00     96.52
                all      0.01      0.00      3.06      0.01      0.00     96.91
                all      0.02      0.00      3.03      0.00      0.00     96.95
                all      0.30      0.00      2.73      0.00      0.00     96.96
                all      0.13      0.00      0.12      0.00      0.00     99.75
end------
                all      0.09      0.00      0.38      0.00      0.00     99.53
                all      0.10      0.00      0.47      0.00      0.00     99.43
                all      0.11      0.00      0.46      0.00      0.00     99.43
start----
                all      0.10      0.00      1.42      0.02      0.00     98.46
                all      0.04      0.00      2.99      0.00      0.00     96.97
                all      0.03      0.00      3.38      0.00      0.00     96.58
                all      0.03      0.00      3.61      0.00      0.00     96.35
                all      0.03      0.00      3.61      0.00      0.00     96.36
                all      0.03      0.00      3.48      0.07      0.00     96.42
                all      0.05      0.00      2.24      1.39      0.00     96.32
                all      0.18      0.00      2.78      0.30      0.00     96.74
                all      0.02      0.00      3.02      0.00      0.00     96.96
                all      0.02      0.00      3.03      0.00      0.00     96.96
                all      0.15      0.00      0.71      0.01      0.00     99.14
end------
                all      0.07      0.00      0.32      0.00      0.00     99.61
                all      0.11      0.00      0.45      0.00      0.00     99.44
                all      0.11      0.00      0.46      0.00      0.00     99.44
start----
                all      0.19      0.00      1.24      0.03      0.00     98.55
                all      0.06      0.00      4.70      0.00      0.00     95.24
end------
                all      0.01      0.00      0.05      0.00      0.00     99.94
                all      0.13      0.00      0.45      0.00      0.00     99.43
                all      0.11      0.00      0.46      0.00      0.00     99.43
                all      0.11      0.00      0.47      0.00      0.00     99.42
start----
                all      0.17      0.00      3.94      0.03      0.00     95.86
                all      0.03      0.00      1.74      0.00      0.00     98.23
end------
                all      0.07      0.00      0.27      0.00      0.00     99.66
                all      0.12      0.00      0.45      0.00      0.00     99.43
                all      0.12      0.00      0.46      0.07      0.00     99.35
start----
                all      0.17      0.00      1.30      0.01      0.00     98.52
                all      0.07      0.00      4.61      0.00      0.00     95.32
end------
                all      0.01      0.00      0.06      0.00      0.00     99.93
                all      0.12      0.00      0.46      0.00      0.00     99.42
                all      0.11      0.00      0.45      0.07      0.00     99.36
                all      0.12      0.00      0.45      0.00      0.00     99.43
start----
                all      0.13      0.00      4.05      0.02      0.00     95.80
                all      0.03      0.00      5.97      0.00      0.00     94.00
                all      0.05      0.00      0.97      0.00      0.00     98.98
end------
                all      0.08      0.00      0.34      0.00      0.00     99.58
                all      0.12      0.00      0.45      0.00      0.00     99.43
                all      0.12      0.00      0.45      0.06      0.00     99.37
start----
                all      0.18      0.00      1.74      0.05      0.00     98.03
                all      0.04      0.00      5.95      0.00      0.00     94.01
                all      0.06      0.00      3.49      0.00      0.00     96.45
end------
                all      0.04      0.00      0.14      0.00      0.00     99.83
                all      0.12      0.00      0.45      0.00      0.00     99.43
                all      0.11      0.00      0.46      0.00      0.00     99.43
start----
                all      0.11      0.00      0.42      0.00      0.00     99.47
                all      0.13      0.00      5.04      0.02      0.00     94.81
                all      0.13      0.00      5.86      0.00      0.00     94.02
                all      0.06      0.00      0.17      0.01      0.00     99.76
end------
                all      0.09      0.00      0.39      0.00      0.00     99.51
                all      0.11      0.00      0.46      0.00      0.00     99.44
                all      0.13      0.00      0.45      0.00      0.00     99.42
start----
                all      0.18      0.00      2.53      0.03      0.00     97.27
                all      0.03      0.00      6.03      0.00      0.00     93.95
                all      0.14      0.00      6.32      0.00      0.00     93.53
                all      0.02      0.00      6.02      0.00      0.00     93.96
                all      0.42      0.00      1.78      0.00      0.00     97.80
end------
                all      0.04      0.00      0.18      0.00      0.00     99.78
                all      0.11      0.00      0.46      0.00      0.00     99.44
                all      0.11      0.00      0.45      0.00      0.00     99.43
start----
                all      0.11      0.00      0.41      0.00      0.00     99.48
                all      0.11      0.00      5.28      0.01      0.00     94.60
                all      0.03      0.00      6.29      0.00      0.00     93.68
                all      0.13      0.00      6.08      0.00      0.00     93.78
                all      0.42      0.00      4.84      0.00      0.00     94.74
                all      0.02      0.00      0.06      0.00      0.00     99.92
end------
                all      0.10      0.00      0.39      0.00      0.00     99.50
                all      0.11      0.00      0.45      0.00      0.00     99.44
                all      0.12      0.00      0.49      0.00      0.00     99.38
start----
                all      0.20      0.00      2.40      0.01      0.00     97.40
                all      0.04      0.00      6.02      0.00      0.00     93.94
                all      0.11      0.00      6.31      0.00      0.00     93.58
                all      0.02      0.00      6.02      0.00      0.00     93.96
                all      0.40      0.00      1.92      0.00      0.00     97.68
end------
                all      0.03      0.00      0.16      0.00      0.00     99.81
                all      0.11      0.00      0.45      0.00      0.00     99.43
                all      0.11      0.00      0.47      0.00      0.00     99.41
start----
                all      0.11      0.00      0.41      0.00      0.00     99.48
                all      0.11      0.00      5.12      0.02      0.00     94.75
                all      0.03      0.00      6.28      0.00      0.00     93.70
                all      0.03      0.00      6.58      0.00      0.00     93.39
                all      0.04      0.00      6.02      0.45      0.00     93.49
                all      0.60      0.00      2.79      3.07      0.00     93.54
                all      0.02      0.00      5.99      0.02      0.00     93.97
                all      0.01      0.00      5.97      0.00      0.00     94.02
                all      0.01      0.00      5.98      0.00      0.00     94.01
                all      0.41      0.00      0.51      0.01      0.00     99.07
end------
                all      0.08      0.00      0.32      0.00      0.00     99.60
                all      0.11      0.00      0.45      0.00      0.00     99.44
                all      0.09      0.00      0.47      0.07      0.00     99.36
start----
                all      0.16      0.00      1.93      0.02      0.00     97.89
                all      0.02      0.00      6.00      0.00      0.00     93.98
                all      0.04      0.00      6.47      0.00      0.00     93.48
                all      0.04      0.00      6.53      0.00      0.00     93.43
                all      0.03      0.00      4.65      1.74      0.00     93.57
                all      0.51      0.00      4.08      1.64      0.00     93.78
                all      0.02      0.00      6.00      0.00      0.00     93.98
                all      0.01      0.00      5.97      0.00      0.00     94.01
                all      0.43      0.00      3.73      0.01      0.00     95.83
end------
                all      0.02      0.00      0.13      0.00      0.00     99.85
                all      0.12      0.00      0.44      0.00      0.00     99.44
                all      0.11      0.00      0.46      0.00      0.00     99.43
start----
                all      0.11      0.00      0.44      0.00      0.00     99.44
                all      0.13      0.00      4.39      0.03      0.00     95.45
                all      0.03      0.00      6.18      0.00      0.00     93.79
                all      0.04      0.00      6.49      0.00      0.00     93.47
                all      0.04      0.00      6.48      0.01      0.00     93.47
                all      0.24      0.00      2.88      3.25      0.00     93.64
                all      0.21      0.00      5.85      0.01      0.00     93.93
                all      0.02      0.00      5.97      0.00      0.00     94.01
                all      0.02      0.00      5.98      0.00      0.00     94.00
                all      0.48      0.00      0.92      0.00      0.00     98.59
end------
                all      0.08      0.00      0.32      0.00      0.00     99.60
                all      0.11      0.00      0.46      0.00      0.00     99.43
                all      0.12      0.00      0.45      0.00      0.00     99.43
start----
                all      0.32      0.00      2.30      0.02      0.00     97.35
                all      0.15      0.00      9.06      0.00      0.00     90.79
end------
                all      0.01      0.00      0.07      0.00      0.00     99.91
                all      0.11      0.00      0.46      0.00      0.00     99.43
                all      0.11      0.00      0.46      0.00      0.00     99.43
                all      0.11      0.00      0.46      0.00      0.00     99.43
start----
                all      0.34      0.00      7.49      0.03      0.00     92.15
                all      0.05      0.00      3.81      0.00      0.00     96.14
end------
                all      0.06      0.00      0.29      0.00      0.00     99.66
                all      0.12      0.00      0.45      0.00      0.00     99.43
                all      0.12      0.00      0.45      0.00      0.00     99.43
start----
                all      0.30      0.00      1.33      0.02      0.00     98.35
                all      0.14      0.00     10.19      0.00      0.00     89.68
end------
                all      0.00      0.00      0.03      0.00      0.00     99.97
                all      0.14      0.00      0.52      0.00      0.00     99.34
                all      0.12      0.00      0.45      0.00      0.00     99.43
                all      0.11      0.00      0.46      0.00      0.00     99.43
start----
                all      0.28      0.00      6.79      0.04      0.00     92.88
                all      0.06      0.00     11.84      0.00      0.00     88.10
                all      0.06      0.00      2.85      0.00      0.00     97.09
end------
                all      0.06      0.00      0.27      0.00      0.00     99.67
                all      0.13      0.00      0.45      0.00      0.00     99.42
                all      0.12      0.00      0.45      0.00      0.00     99.43
start----
                all      0.33      0.00      1.97      0.03      0.00     97.67
                all      0.19      0.00     11.68      0.00      0.00     88.13
                all      0.07      0.00      8.20      0.00      0.00     91.73
end------
                all      0.02      0.00      0.09      0.00      0.00     99.89
                all      0.11      0.00      0.45      0.00      0.00     99.44
                all      0.18      0.00      0.48      0.03      0.00     99.31
                all      0.10      0.00      0.46      0.00      0.00     99.43
start----
                all      0.26      0.00      8.38      0.03      0.00     91.32
                all      0.07      0.00     11.83      0.00      0.00     88.11
                all      0.05      0.00      1.34      0.00      0.00     98.61
end------
                all      0.09      0.00      0.33      0.00      0.00     99.58
                all      0.12      0.00      0.45      0.00      0.00     99.43
                all      0.11      0.00      0.46      0.07      0.00     99.35
start----
                all      0.31      0.00      3.75      0.01      0.00     95.93
                all      0.04      0.00     11.88      0.00      0.00     88.07
                all      0.20      0.00     12.15      0.01      0.00     87.64
                all      0.01      0.00     11.88      0.00      0.00     88.11
                all      0.19      0.00      3.86      0.01      0.00     95.94
end------
                all      0.07      0.00      0.29      0.00      0.00     99.64
                all      0.12      0.00      0.45      0.00      0.00     99.44
                all      0.12      0.00      0.44      0.00      0.00     99.44
start----
                all      0.31      0.00      1.11      0.03      0.00     98.54
                all      0.04      0.00     11.84      0.00      0.00     88.12
                all      0.25      0.00     12.10      0.00      0.00     87.65
                all      0.02      0.00     11.90      0.01      0.00     88.08
                all      0.19      0.00      6.59      0.00      0.00     93.22
end------
                all      0.01      0.00      0.06      0.00      0.00     99.93
                all      0.12      0.00      0.45      0.00      0.00     99.44
                all      0.11      0.00      0.46      0.00      0.00     99.43
                all      0.11      0.00      0.46      0.00      0.00     99.43
start----
                all      0.27      0.00      7.71      0.03      0.00     91.99
                all      0.04      0.00     12.08      0.00      0.00     87.89
                all      0.13      0.00     12.04      0.00      0.00     87.83
                all      0.21      0.00     11.44      0.00      0.00     88.36
                all      0.02      0.00      0.07      0.00      0.00     99.91
end------
                all      0.10      0.00      0.37      0.00      0.00     99.53
                all      0.12      0.00      0.44      0.00      0.00     99.44
                all      0.12      0.00      0.45      0.00      0.00     99.43
start----
                all      0.32      0.00      5.01      0.02      0.00     94.65
                all      0.04      0.00     11.96      0.00      0.00     88.00
                all      0.04      0.00     12.39      0.00      0.00     87.57
                all      0.03      0.00     12.39      0.00      0.00     87.58
                all      0.49      0.00     11.82      0.00      0.00     87.68
                all      0.02      0.00     11.91      0.00      0.00     88.07
                all      0.01      0.00     11.89      0.00      0.00     88.10
                all      0.37      0.00     10.13      0.00      0.00     89.51
                all      0.03      0.00      0.07      0.00      0.00     99.90
end------
                all      0.08      0.00      0.34      0.00      0.00     99.58
                all      0.12      0.00      0.46      0.00      0.00     99.42
                all      0.11      0.00      0.46      0.07      0.00     99.36
start----
                all      0.31      0.00      3.99      0.02      0.00     95.67
                all      0.07      0.00     12.00      0.00      0.00     87.92
                all      0.03      0.00     12.45      0.00      0.00     87.51
                all      0.03      0.00     12.41      0.00      0.00     87.56
                all      0.18      0.00     12.23      0.00      0.00     87.59
                all      0.02      0.00     11.86      0.00      0.00     88.12
                all      0.01      0.00     11.88      0.00      0.00     88.10
                all      0.19      0.00     10.77      0.00      0.00     89.04
end------
                all      0.01      0.00      0.06      0.00      0.00     99.92
                all      0.11      0.00      0.45      0.00      0.00     99.45
                all      0.11      0.00      0.45      0.01      0.00     99.42
                all      0.11      0.00      0.45      0.00      0.00     99.44
start----
                all      0.27      0.00      5.53      0.01      0.00     94.19
                all      0.04      0.00     11.98      0.00      0.00     87.98
                all      0.03      0.00     12.38      0.00      0.00     87.59
                all      0.04      0.00     12.41      0.00      0.00     87.55
                all      1.70      0.00     10.61      0.02      0.00     87.67
                all      0.02      0.00     11.93      0.00      0.00     88.06
                all      0.01      0.00     11.89      0.00      0.00     88.09
                all      0.26      0.00     11.62      0.00      0.00     88.12
                all      0.02      0.00      0.11      0.00      0.00     99.86
end------
                all      0.10      0.00      0.41      0.00      0.00     99.49
                all      0.11      0.00      0.45      0.00      0.00     99.44
                all      0.10      0.00      0.46      0.00      0.00     99.44
start----
                all      0.66      0.00      8.10      0.06      0.00     91.19
                all      0.28      0.00     14.57      0.00      0.00     85.15
end------
                all      0.02      0.00      0.11      0.00      0.00     99.87
                all      0.12      0.00      0.46      0.00      0.00     99.42
                all      0.11      0.00      0.46      0.07      0.00     99.35
start----
                all      0.12      0.00      0.43      0.00      0.00     99.45
                all      0.67      0.00     16.79      0.05      0.00     82.49
                all      0.15      0.00      5.69      0.00      0.00     94.16
end------
                all      0.07      0.00      0.27      0.00      0.00     99.67
                all      0.11      0.00      0.45      0.00      0.00     99.44
                all      0.12      0.00      0.45      0.06      0.00     99.37
start----
                all      0.59      0.00      2.47      0.08      0.00     96.86
                all      0.38      0.00     20.48      0.00      0.00     79.14
end------
                all      0.01      0.00      0.05      0.00      0.00     99.94
                all      0.11      0.00      0.43      0.00      0.00     99.46
                all      0.11      0.00      0.45      0.02      0.00     99.42
                all      0.13      0.00      0.45      0.05      0.00     99.36
start----
                all      0.62      0.00     10.80      0.04      0.00     88.54
                all      0.16      0.00     23.54      0.00      0.00     76.30
                all      0.12      0.00      8.41      0.00      0.00     91.47
end------
                all      0.06      0.00      0.23      0.00      0.00     99.71
                all      0.12      0.00      0.44      0.00      0.00     99.44
                all      0.12      0.00      0.45      0.07      0.00     99.37
start----
                all      0.19      0.00      1.68      0.13      0.00     98.00
                all      0.48      0.00     21.90      0.01      0.00     77.60
                all      0.24      0.00     19.48      0.00      0.00     80.27
end------
                all      0.00      0.00      0.03      0.00      0.00     99.96
                all      0.12      0.00      0.45      0.00      0.00     99.43
                all      0.11      0.00      0.45      0.00      0.00     99.43
                all      0.11      0.00      0.46      0.00      0.00     99.44
start----
                all      0.63      0.00     11.96      0.05      0.00     87.35
                all      0.14      0.00     23.56      0.00      0.00     76.30
                all      0.15      0.00      7.13      0.00      0.00     92.72
end------
                all      0.07      0.00      0.24      0.00      0.00     99.69
                all      0.11      0.00      0.46      0.00      0.00     99.42
                all      0.11      0.00      0.45      0.07      0.00     99.36
start----
                all      0.31      0.00      1.80      0.05      0.00     97.84
                all      0.42      0.00     23.21      0.01      0.00     76.36
                all      0.72      0.00     23.52      0.00      0.00     75.76
                all      0.01      0.00     23.74      0.00      0.00     76.25
                all      0.19      0.00     13.34      0.00      0.00     86.47
end------
                all      0.01      0.00      0.05      0.00      0.00     99.94
                all      0.11      0.00      0.45      0.00      0.00     99.44
                all      0.12      0.00      0.45      0.00      0.00     99.43
                all      0.13      0.00      0.45      0.00      0.00     99.42
start----
                all      0.63      0.00     13.45      0.03      0.00     85.88
                all      0.04      0.00     23.86      0.00      0.00     76.10
                all      0.38      0.00     23.59      0.00      0.00     76.02
                all      0.13      0.00     23.40      0.00      0.00     76.47
                all      0.02      0.00      0.14      0.00      0.00     99.84
end------
                all      0.10      0.00      0.38      0.00      0.00     99.51
                all      0.11      0.00      0.46      0.00      0.00     99.44
                all      0.13      0.00      0.44      0.07      0.00     99.36
start----
                all      0.68      0.00      8.03      0.06      0.00     91.23
                all      0.04      0.00     23.74      0.00      0.00     76.22
                all      0.41      0.00     23.69      0.00      0.00     75.90
                all      0.01      0.00     23.69      0.00      0.00     76.29
                all      0.18      0.00      5.58      0.00      0.00     94.24
end------
                all      0.07      0.00      0.27      0.00      0.00     99.66
                all      0.11      0.00      0.45      0.00      0.00     99.44
                all      0.11      0.00      0.45      0.07      0.00     99.36
start----
                all      0.66      0.00      2.78      0.04      0.00     96.53
                all      0.03      0.00     23.64      0.00      0.00     76.32
                all      0.04      0.00     24.19      0.00      0.00     75.78
                all      0.04      0.00     24.25      0.00      0.00     75.71
                all      1.82      0.00     22.40      0.00      0.00     75.78
                all      0.01      0.00     23.78      0.00      0.00     76.20
                all      0.01      0.00     23.69      0.00      0.00     76.29
                all      0.01      0.00     23.68      0.00      0.00     76.30
                all      0.48      0.00      1.59      0.00      0.00     97.93
end------
                all      0.08      0.00      0.34      0.00      0.00     99.58
                all      0.11      0.00      0.45      0.00      0.00     99.44
                all      0.12      0.00      0.45      0.06      0.00     99.37
start----
                all      0.70      0.00      5.55      0.06      0.00     93.69
                all      0.05      0.00     23.68      0.00      0.00     76.27
                all      0.04      0.00     24.24      0.00      0.00     75.73
                all      0.06      0.00     24.22      0.00      0.00     75.73
                all      1.82      0.00     22.34      0.00      0.00     75.84
                all      0.13      0.00     23.93      0.01      0.00     75.94
                all      0.01      0.00     23.69      0.00      0.00     76.30
                all      0.56      0.00     23.00      0.00      0.00     76.45
                all      0.03      0.00      0.14      0.00      0.00     99.83
end------
                all      0.09      0.00      0.39      0.00      0.00     99.52
                all      0.12      0.00      0.45      0.00      0.00     99.44
                all      0.11      0.00      0.46      0.00      0.00     99.42
start----
                all      0.65      0.00      7.89      0.04      0.00     91.42
                all      0.04      0.00     23.73      0.00      0.00     76.23
                all      0.04      0.00     24.21      0.00      0.00     75.75
                all      0.04      0.00     24.19      0.00      0.00     75.76
                all      1.02      0.00     23.08      0.00      0.00     75.90
                all      0.02      0.00     23.69      0.00      0.00     76.29
                all      0.01      0.00     23.69      0.00      0.00     76.30
                all      0.36      0.00     19.00      0.00      0.00     80.64
                all      0.02      0.00      0.08      0.01      0.00     99.89
end------
                all      0.09      0.00      0.39      0.00      0.00     99.52
                all      0.12      0.00      0.44      0.00      0.00     99.44
                all      0.12      0.00      0.45      0.00      0.00     99.43
start----
                all      2.20      0.00      9.63      0.06      0.00     88.11
                all      0.49      0.00     46.24      0.00      0.00     53.26
                all      0.54      0.00      5.68      0.00      0.00     93.78
end------
                all      0.07      0.00      0.28      0.00      0.00     99.65
                all      0.11      0.00      0.45      0.00      0.00     99.43
                all      0.12      0.00      0.45      0.07      0.00     99.36
start----
                all      0.41      0.00      4.28      0.05      0.00     95.26
                all      2.33      0.00     41.67      0.04      0.00     55.96
                all      0.52      0.00     15.94      0.00      0.00     83.54
end------
                all      0.04      0.00      0.17      0.00      0.00     99.79
                all      0.12      0.00      0.45      0.00      0.00     99.43
                all      0.12      0.00      0.45      0.00      0.00     99.44
start----
                all      0.10      0.00      0.43      0.01      0.00     99.46
                all      2.58      0.00     36.56      0.04      0.00     60.82
                all      0.53      0.00     24.27      0.00      0.00     75.20
end------
                all      0.03      0.00      0.11      0.00      0.00     99.86
                all      0.11      0.00      0.45      0.00      0.00     99.44
                all      0.12      0.00      0.45      0.07      0.00     99.36
start----
                all      0.10      0.00      0.42      0.00      0.00     99.47
                all      2.05      0.00     29.84      0.08      0.00     68.03
                all      0.50      0.00     46.26      0.00      0.00     53.23
                all      0.54      0.00     35.24      0.00      0.00     64.22
                all      0.02      0.00      0.06      0.00      0.00     99.91
end------
                all      0.10      0.00      0.38      0.00      0.00     99.52
                all      0.11      0.00      0.45      0.00      0.00     99.43
                all      0.13      0.00      0.45      0.00      0.00     99.43
start----
                all      2.03      0.00      9.69      0.08      0.00     88.20
                all      0.11      0.00     46.99      0.00      0.00     52.90
                all      0.45      0.00     45.79      0.00      0.00     53.76
                all      0.49      0.00      9.04      0.00      0.00     90.47
end------
                all      0.05      0.00      0.20      0.00      0.00     99.74
                all      0.12      0.00      0.44      0.00      0.00     99.44
                all      0.13      0.00      0.44      0.07      0.00     99.35
start----
                all      0.13      0.00      0.75      0.03      0.00     99.10
                all      2.01      0.00     38.01      0.08      0.00     59.90
                all      0.47      0.00     46.15      0.00      0.00     53.38
                all      0.54      0.00     27.29      0.00      0.00     72.17
end------
                all      0.02      0.00      0.10      0.00      0.00     99.88
                all      0.13      0.00      0.44      0.00      0.00     99.43
                all      0.14      0.00      0.44      0.00      0.00     99.41
                all      0.13      0.00      0.44      0.00      0.00     99.44
start----
                all      2.03      0.00     26.68      0.10      0.00     71.19
                all      0.05      0.00     47.33      0.00      0.00     52.61
                all      0.48      0.00     46.23      0.06      0.00     53.23
                all      0.02      0.00     46.27      0.00      0.00     53.74
                all      1.22      0.00     44.14      0.00      0.00     54.64
                all      0.03      0.00      0.49      0.01      0.00     99.47
end------
                all      0.09      0.00      0.35      0.00      0.00     99.56
                all      0.12      0.00      0.44      0.00      0.00     99.44
                all      0.13      0.00      0.45      0.08      0.00     99.35
start----
                all      1.52      0.00      8.72      0.14      0.00     89.62
                all      0.70      0.00     45.75      0.01      0.00     53.54
                all      0.05      0.00     47.60      0.00      0.00     52.35
                all      0.50      0.00     43.08      0.01      0.00     56.40
                all      1.22      0.00     45.22      0.00      0.00     53.57
                all      2.17      0.00     17.81      0.01      0.00     80.01
end------
                all      0.07      0.00      0.18      0.01      0.00     99.74
                all      0.19      0.00      0.71      0.00      0.00     99.10
                all      0.18      0.00      0.47      0.01      0.00     99.34
                all      0.15      0.00      0.56      0.07      0.00     99.23
start----
                all      2.06      0.00     25.99      0.06      0.00     71.89
                all      0.08      0.00     47.48      0.00      0.00     52.43
                all      0.48      0.00     46.07      0.04      0.00     53.41
                all      0.07      0.00     46.46      0.06      0.00     53.42
                all      1.48      0.00     45.05      0.01      0.00     53.46
                all      0.05      0.00      2.82      0.01      0.00     97.12
end------
                all      0.08      0.00      0.30      0.00      0.00     99.61
                all      0.14      0.00      0.45      0.00      0.00     99.42
                all      0.13      0.00      0.43      0.00      0.00     99.44
start----
                all      0.38      0.00      3.64      0.05      0.00     95.93
                all      1.95      0.00     40.99      0.03      0.00     57.03
                all      0.04      0.00     47.51      0.00      0.00     52.45
                all      0.04      0.00     47.72      0.00      0.00     52.23
                all      0.05      0.00     47.70      0.01      0.00     52.24
                all      0.50      0.00     46.02      0.01      0.00     53.46
                all      0.01      0.00     46.21      0.00      0.00     53.78
                all      0.02      0.00     46.23      0.00      0.00     53.75
                all      0.02      0.00     46.17      0.00      0.00     53.82
                all      1.19      0.00     42.49      0.00      0.00     56.32
                all      0.02      0.00      0.10      0.01      0.00     99.87
end------
                all      0.08      0.00      0.29      0.00      0.00     99.63
                all      0.13      0.00      0.43      0.00      0.00     99.44
                all      0.13      0.00      0.44      0.00      0.00     99.44
start----
                all      0.86      0.00      4.78      0.05      0.00     94.31
                all      1.31      0.00     44.23      0.01      0.00     54.44
                all      0.04      0.00     47.54      0.00      0.00     52.42
                all      0.04      0.00     47.71      0.00      0.00     52.24
                all      0.05      0.00     47.72      0.00      0.00     52.22
                all      0.51      0.00     45.24      0.02      0.00     54.23
                all      0.01      0.00     46.22      0.00      0.00     53.77
                all      0.02      0.00     46.21      0.00      0.00     53.77
                all      0.02      0.00     46.15      0.00      0.00     53.84
                all      1.93      0.00     40.30      0.00      0.00     57.77
                all      0.02      0.00      0.08      0.01      0.00     99.89
end------
                all      0.12      0.00      0.37      0.00      0.00     99.51
                all      0.14      0.00      0.42      0.00      0.00     99.44
                all      0.14      0.00      0.43      0.00      0.00     99.43
start----
                all      2.05      0.00      9.64      0.06      0.00     88.25
                all      0.04      0.00     47.26      0.00      0.00     52.69
                all      0.06      0.00     47.62      0.00      0.00     52.31
                all      0.04      0.00     47.69      0.00      0.00     52.26
                all      0.04      0.00     47.68      0.01      0.00     52.26
                all      0.52      0.00     45.14      0.03      0.00     54.31
                all      0.02      0.00     46.20      0.00      0.00     53.78
                all      0.02      0.00     46.23      0.00      0.00     53.76
                all      0.02      0.00     46.16      0.00      0.00     53.82
                all      1.75      0.00     32.24      0.00      0.00     66.01
                all      0.03      0.00      0.08      0.00      0.00     99.90
end------
                all      0.10      0.00      0.35      0.00      0.00     99.55
                all      0.14      0.00      0.43      0.00      0.00     99.43
                all      0.14      0.00      0.43      0.07      0.00     99.35
start----
                all      1.05      0.00     12.42      0.06      0.00     86.47
                all     12.61      0.00     59.50      0.43      0.00     27.47
                all      5.33      0.00     81.01      0.00      0.00     13.66
                all      3.85      0.00     32.05      0.00      0.00     64.10
                all      0.03      0.00      0.07      0.00      0.00     99.90
end------
                all      0.12      0.00      0.38      0.00      0.00     99.51
                all      0.14      0.00      0.44      0.00      0.00     99.42
                all      0.13      0.00      0.44      0.00      0.00     99.43
start----
                all      1.19      0.00     12.18      0.06      0.00     86.57
                all     13.40      0.00     63.00      0.15      0.00     23.46
                all      5.57      0.00     81.38      0.00      0.00     13.05
                all      3.94      0.00     30.00      0.01      0.00     66.05
end------
                all      0.01      0.00      0.04      0.00      0.00     99.95
                all      0.14      0.00      0.43      0.00      0.00     99.42
                all      0.13      0.00      0.44      0.00      0.00     99.44
                all      0.13      0.00      0.44      0.00      0.00     99.43
start----
                all      3.06      0.00     25.20      0.12      0.00     71.63
                all     11.86      0.00     70.04      0.17      0.00     17.93
                all     10.34      0.00     76.35      0.00      0.00     13.31
                all      0.07      0.00     14.21      0.00      0.00     85.72
end------
                all      0.05      0.00      0.18      0.00      0.00     99.77
                all      0.14      0.00      0.43      0.00      0.00     99.44
                all      0.14      0.00      0.43      0.00      0.00     99.43
start----
                all      0.12      0.00      0.38      0.00      0.00     99.49
                all     10.52      0.00     40.07      0.13      0.00     49.28
                all      0.48      0.00     82.78      0.00      0.00     16.74
                all      5.49      0.00     80.76      0.00      0.00     13.75
                all      0.09      0.00     87.26      0.00      0.00     12.66
                all      4.17      0.00     32.17      0.01      0.00     63.65
end------
                all      0.01      0.00      0.03      0.00      0.00     99.96
                all      0.14      0.00      0.44      0.00      0.00     99.42
                all      0.13      0.00      0.44      0.07      0.00     99.37
                all      0.13      0.00      0.44      0.01      0.00     99.42
start----
                all      3.61      0.00     26.96      0.13      0.00     69.30
                all     10.87      0.00     76.04      0.13      0.00     12.96
                all      5.58      0.00     81.24      0.00      0.00     13.18
                all      0.06      0.00     87.35      0.00      0.00     12.59
                all      4.63      0.00     53.45      0.00      0.00     41.92
                all      0.03      0.00      0.11      0.00      0.00     99.86
end------
                all      0.08      0.00      0.27      0.00      0.00     99.65
                all      0.14      0.00      0.43      0.00      0.00     99.44
                all      0.13      0.00      0.44      0.07      0.00     99.35
start----
                all      0.65      0.00      9.35      0.06      0.00     89.93
                all     13.50      0.00     41.36      0.06      0.00     45.07
                all      0.10      0.00     87.05      0.00      0.00     12.85
                all      5.22      0.00     81.36      0.00      0.00     13.41
                all      5.90      0.00     81.97      0.00      0.00     12.13
                all      0.55      0.00     20.89      0.00      0.00     78.56
end------
                all      0.04      0.00      0.11      0.00      0.00     99.85
                all      0.14      0.00      0.43      0.00      0.00     99.43
                all      0.14      0.00      0.44      0.07      0.00     99.35
start----
                all      0.13      0.00      0.41      0.00      0.00     99.47
                all      6.08      0.00     34.83      0.16      0.00     58.93
                all      9.36      0.00     73.07      0.04      0.00     17.54
                all      0.10      0.00     87.35      0.00      0.00     12.55
                all      0.11      0.00     87.70      0.00      0.00     12.18
                all      5.97      0.00     78.84      0.01      0.00     15.18
                all      0.05      0.00     87.23      0.00      0.00     12.72
                all      0.04      0.00     87.43      0.00      0.00     12.53
                all      5.95      0.00     50.29      0.00      0.00     43.76
                all      0.02      0.00      0.08      0.00      0.00     99.89
end------
                all      0.12      0.00      0.39      0.00      0.00     99.49
                all      0.14      0.00      0.42      0.00      0.00     99.43
                all      0.13      0.00      0.44      0.00      0.00     99.42
start----
                all      0.96      0.00     15.42      0.31      0.00     83.31
                all     11.45      0.00     56.85      0.14      0.00     31.56
                all      0.11      0.00     87.26      0.00      0.00     12.63
                all      0.10      0.00     87.61      0.00      0.00     12.30
                all      5.62      0.00     81.01      0.00      0.00     13.37
                all      0.04      0.00     87.21      0.00      0.00     12.75
                all      0.06      0.00     87.30      0.00      0.00     12.63
                all      6.98      0.00     81.56      0.01      0.00     11.44
                all      0.11      0.00     13.48      0.01      0.00     86.40
end------
                all      0.06      0.00      0.18      0.00      0.00     99.76
                all      0.13      0.00      0.42      0.00      0.00     99.44
                all      0.13      0.00      0.43      0.00      0.00     99.44
start----
                all      0.12      0.00      0.40      0.00      0.00     99.47
                all      8.31      0.00     37.65      0.16      0.00     53.88
                all      3.89      0.00     76.57      0.05      0.00     19.49
                all      0.11      0.00     87.22      0.00      0.00     12.67
                all      0.11      0.00     87.69      0.00      0.00     12.21
                all      5.99      0.00     82.52      0.00      0.00     11.49
                all      0.04      0.00     87.34      0.00      0.00     12.62
                all      0.04      0.00     87.20      0.00      0.00     12.76
                all      4.84      0.00     46.78      0.00      0.00     48.38
                all      0.03      0.00      0.07      0.00      0.00     99.90
end------
                all      0.13      0.00      0.39      0.00      0.00     99.48
                all      0.14      0.00      0.42      0.00      0.00     99.44
                all      0.13      0.00      0.44      0.00      0.00     99.44
start----
                all      1.03      0.00     11.80      0.16      0.00     87.01
                all     13.14      0.00     57.69      0.57      0.00     28.60
                all      0.10      0.00     87.24      0.00      0.00     12.66
                all      0.10      0.00     87.72      0.00      0.00     12.18
                all      0.10      0.00     88.01      0.00      0.00     11.90
                all      0.10      0.00     88.10      0.00      0.00     11.80
                all      0.11      0.00     87.95      0.00      0.00     11.94
                all      0.36      0.00     87.84      0.00      0.00     11.80
                all      4.82      0.00     78.63      0.00      0.00     16.54
                all      0.05      0.00     87.30      0.00      0.00     12.65
                all      0.06      0.00     87.21      0.00      0.00     12.73
                all      0.04      0.00     87.27      0.00      0.00     12.68
                all      0.05      0.00     87.24      0.00      0.00     12.71
                all      1.07      0.00     86.58      0.00      0.00     12.35
                all      5.18      0.00     32.00      0.00      0.00     62.82
                all      0.02      0.00      0.07      0.00      0.00     99.90
end------
                all      0.11      0.00      0.38      0.00      0.00     99.51
                all      0.14      0.00      0.45      0.00      0.00     99.42
                all      0.13      0.00      0.44      0.00      0.00     99.43
start----
                all      1.11      0.00     15.49      0.31      0.00     83.09
                all     12.25      0.00     63.09      0.22      0.00     24.44
                all      0.09      0.00     87.10      0.00      0.00     12.82
                all      0.10      0.00     87.72      0.00      0.00     12.17
                all      0.10      0.00     87.90      0.00      0.00     12.00
                all      0.10      0.00     87.97      0.00      0.00     11.92
                all      0.10      0.00     87.95      0.00      0.00     11.94
                all      1.11      0.00     87.05      0.00      0.00     11.84
                all      4.76      0.00     81.25      0.00      0.00     13.99
                all      0.06      0.00     87.31      0.00      0.00     12.63
                all      0.04      0.00     87.22      0.00      0.00     12.74
                all      0.05      0.00     87.33      0.00      0.00     12.61
                all      0.05      0.00     87.25      0.00      0.00     12.70
                all      0.12      0.00     87.25      0.00      0.00     12.63
                all      4.05      0.00     31.03      0.00      0.00     64.92
                all      0.02      0.00      0.07      0.00      0.00     99.91
end------
                all      0.12      0.00      0.37      0.00      0.00     99.52
                all      0.14      0.00      0.42      0.00      0.00     99.44
                all      0.14      0.00      0.44      0.00      0.00     99.42
start----
                all      2.55      0.00     14.67      0.10      0.00     82.67
                all     10.63      0.00     64.93      0.03      0.00     24.40
                all      0.09      0.00     87.24      0.00      0.00     12.67
                all      0.10      0.00     87.80      0.00      0.00     12.10
                all      0.09      0.00     88.07      0.00      0.00     11.85
                all      0.17      0.00     88.18      0.03      0.00     11.63
                all      0.13      0.00     88.14      0.00      0.00     11.73
                all      3.48      0.00     85.24      0.00      0.00     11.28
                all      2.66      0.00     82.36      0.00      0.00     14.98
                all      0.05      0.00     87.37      0.00      0.00     12.57
                all      0.06      0.00     87.19      0.00      0.00     12.75
                all      0.05      0.00     87.30      0.00      0.00     12.64
                all      0.04      0.00     87.28      0.00      0.00     12.67
                all      1.38      0.00     86.16      0.00      0.00     12.46
                all      3.56      0.00     26.22      0.00      0.00     70.23
end------
                all      0.00      0.00      0.05      0.00      0.00     99.94
                all      0.12      0.00      0.42      0.00      0.00     99.47
                all      0.14      0.00      0.43      0.00      0.00     99.42
                all      0.14      0.00      0.44      0.00      0.00     99.43
End of data collecting unexpected
