
Linux 5.2.8200225+ (knl03.kisti.re.kr) 	2020년 03월 29일 	_x86_64_	(272 CPU)

                CPU     %user     %nice   %system   %iowait    %steal     %idle
                all      0.04      0.00      0.23      0.00      0.00     99.73
                all      0.03      0.00      0.08      0.02      0.00     99.87
                all      0.01      0.00      0.09      0.37      0.00     99.53
                all      0.01      0.00      0.07      0.36      0.00     99.55
                all      0.02      0.00      0.07      0.37      0.00     99.54
                all      0.01      0.00      0.12      0.28      0.00     99.59
                all      0.03      0.00      0.14      0.16      0.00     99.68
                all      0.03      0.00      0.12      0.00      0.00     99.85
                all      0.07      0.00      0.13      0.00      0.00     99.81
                all      0.05      0.00      0.15      0.08      0.00     99.72
                all      0.03      0.00      0.44      0.01      0.00     99.52
                all      0.07      0.00      0.51      0.00      0.00     99.41
                all      0.03      0.00      0.45      0.00      0.00     99.52
                all      0.05      0.00      0.43      0.00      0.00     99.51
                all      0.06      0.00      0.44      0.00      0.00     99.51
                all      0.05      0.00      0.44      0.00      0.00     99.51
                all      0.04      0.00      0.43      0.00      0.00     99.52
                all      0.04      0.00      0.67      0.07      0.00     99.22
                all      0.05      0.00      0.51      0.00      0.00     99.44
                all      0.05      0.00      0.43      0.00      0.00     99.52
                all      0.04      0.00      0.43      0.00      0.00     99.53
                all      0.01      0.00      0.44      0.00      0.00     99.55
                all      0.02      0.00      0.55      0.00      0.00     99.43
                all      0.01      0.00      0.44      0.00      0.00     99.55
                all      0.02      0.00      0.47      0.00      0.00     99.51
                all      0.01      0.00      0.44      0.00      0.00     99.54
                all      0.02      0.00      0.15      0.00      0.00     99.83
                all      0.01      0.00      0.07      0.00      0.00     99.91
                all      0.02      0.00      0.07      0.00      0.00     99.91
start----
                all      0.09      0.00      1.01      0.01      0.00     98.89
                all      0.07      0.00      2.59      0.01      0.00     97.33
end------
                all      0.01      0.00      0.05      0.00      0.00     99.94
                all      0.12      0.00      0.46      0.00      0.00     99.42
                all      0.12      0.00      0.44      0.00      0.00     99.44
                all      0.12      0.00      0.45      0.00      0.00     99.43
start----
                all      0.09      0.00      1.82      0.02      0.00     98.07
                all      0.08      0.00      1.81      0.01      0.00     98.11
end------
                all      0.03      0.00      0.12      0.00      0.00     99.85
                all      0.12      0.00      0.46      0.00      0.00     99.42
                all      0.11      0.00      0.45      0.08      0.00     99.37
start----
                all      0.11      0.00      0.41      0.00      0.00     99.47
                all      0.10      0.00      2.51      0.01      0.00     97.38
                all      0.05      0.00      1.04      0.00      0.00     98.91
end------
                all      0.06      0.00      0.25      0.00      0.00     99.70
                all      0.12      0.00      0.45      0.00      0.00     99.43
                all      0.11      0.00      0.45      0.00      0.00     99.44
start----
                all      0.14      0.00      0.66      0.02      0.00     99.18
                all      0.04      0.00      3.02      0.00      0.00     96.94
                all      0.06      0.00      3.00      0.00      0.00     96.94
                all      0.06      0.00      0.52      0.00      0.00     99.41
end------
                all      0.05      0.00      0.22      0.00      0.00     99.73
                all      0.11      0.00      0.45      0.00      0.00     99.44
                all      0.11      0.00      0.46      0.07      0.00     99.35
start----
                all      0.11      0.00      0.56      0.02      0.00     99.31
                all      0.04      0.00      3.00      0.00      0.00     96.95
                all      0.05      0.00      3.00      0.00      0.00     96.96
                all      0.05      0.00      0.65      0.00      0.00     99.30
end------
                all      0.06      0.00      0.24      0.00      0.00     99.71
                all      0.12      0.00      0.45      0.00      0.00     99.42
                all      0.12      0.00      0.45      0.00      0.00     99.44
start----
                all      0.14      0.00      0.56      0.02      0.00     99.28
                all      0.03      0.00      3.00      0.00      0.00     96.97
                all      0.06      0.00      2.99      0.00      0.00     96.95
                all      0.04      0.00      0.67      0.00      0.00     99.28
end------
                all      0.08      0.00      0.29      0.00      0.00     99.64
                all      0.11      0.00      0.45      0.00      0.00     99.44
                all      0.12      0.00      0.45      0.00      0.00     99.43
start----
                all      0.14      0.00      0.96      0.01      0.00     98.89
                all      0.06      0.00      3.01      0.00      0.00     96.93
                all      0.04      0.00      3.20      0.00      0.00     96.76
                all      0.42      0.00      3.26      0.01      0.00     96.31
                all      0.35      0.00      2.88      0.02      0.00     96.75
                all      0.39      0.00      2.01      0.00      0.00     97.60
end------
                all      0.01      0.00      0.05      0.00      0.00     99.94
                all      0.12      0.00      0.45      0.00      0.00     99.43
                all      0.11      0.00      0.46      0.00      0.00     99.44
                all      0.11      0.00      0.45      0.00      0.00     99.44
start----
                all      0.10      0.00      2.10      0.01      0.00     97.79
                all      0.15      0.00      3.17      0.01      0.00     96.68
                all      0.03      0.00      3.43      0.00      0.00     96.54
                all      0.15      0.00      3.17      0.00      0.00     96.68
                all      0.37      0.00      2.73      0.00      0.00     96.91
                all      0.43      0.00      0.21      0.01      0.00     99.36
end------
                all      0.06      0.00      0.22      0.00      0.00     99.72
                all      0.12      0.00      0.45      0.00      0.00     99.43
                all      0.11      0.00      0.46      0.00      0.00     99.43
start----
                all      0.16      0.00      0.53      0.02      0.00     99.30
                all      0.04      0.00      3.00      0.00      0.00     96.95
                all      0.04      0.00      3.13      0.00      0.00     96.84
                all      0.08      0.00      3.57      0.00      0.00     96.35
                all      0.52      0.00      2.78      0.00      0.00     96.70
                all      0.57      0.00      2.27      0.00      0.00     97.15
                all      0.03      0.00      0.06      0.00      0.00     99.91
end------
                all      0.09      0.00      0.41      0.00      0.00     99.50
                all      0.12      0.00      0.46      0.02      0.00     99.40
                all      0.11      0.00      0.47      0.06      0.00     99.37
start----
                all      0.11      0.00      1.72      0.02      0.00     98.15
                all      0.04      0.00      3.00      0.00      0.00     96.96
                all      0.05      0.00      3.41      0.00      0.00     96.55
                all      0.03      0.00      3.61      0.00      0.00     96.36
                all      0.04      0.00      3.61      0.00      0.00     96.35
                all      0.04      0.00      3.60      0.00      0.00     96.36
                all      0.03      0.00      1.95      1.62      0.00     96.40
                all      0.43      0.00      2.28      0.70      0.00     96.59
                all      0.02      0.00      3.08      0.00      0.00     96.90
                all      0.02      0.00      3.02      0.00      0.00     96.96
                all      0.53      0.00      1.80      0.00      0.00     97.67
                all      0.02      0.00      0.06      0.00      0.00     99.92
end------
                all      0.11      0.00      0.39      0.00      0.00     99.49
                all      0.13      0.00      0.45      0.00      0.00     99.42
                all      0.11      0.00      0.46      0.00      0.00     99.42
start----
                all      0.11      0.00      1.61      0.02      0.00     98.26
                all      0.05      0.00      3.02      0.00      0.00     96.93
                all      0.04      0.00      3.38      0.00      0.00     96.58
                all      0.04      0.00      3.61      0.00      0.00     96.34
                all      0.03      0.00      3.61      0.00      0.00     96.36
                all      0.04      0.00      3.61      0.00      0.00     96.35
                all      0.04      0.00      2.27      1.30      0.00     96.40
                all      0.29      0.00      2.58      0.47      0.00     96.66
                all      0.03      0.00      3.03      0.00      0.00     96.95
                all      0.03      0.00      3.02      0.00      0.00     96.95
                all      0.21      0.00      1.25      0.00      0.00     98.54
end------
                all      0.04      0.00      0.11      0.00      0.00     99.85
                all      0.13      0.00      0.45      0.00      0.00     99.42
                all      0.13      0.00      0.45      0.08      0.00     99.34
start----
                all      0.11      0.00      0.44      0.00      0.00     99.45
                all      0.10      0.00      2.36      0.02      0.00     97.52
                all      0.04      0.00      3.02      0.00      0.00     96.94
                all      0.04      0.00      3.50      0.00      0.00     96.45
                all      0.04      0.00      3.59      0.00      0.00     96.37
                all      0.04      0.00      3.59      0.00      0.00     96.37
                all      0.04      0.00      3.31      0.26      0.00     96.39
                all      0.28      0.00      2.12      1.32      0.00     96.28
                all      0.07      0.00      3.07      0.00      0.00     96.86
                all      0.03      0.00      3.02      0.00      0.00     96.95
                all      0.04      0.00      3.01      0.00      0.00     96.95
                all      0.23      0.00      0.17      0.00      0.00     99.60
end------
                all      0.12      0.00      0.36      0.00      0.00     99.51
                all      0.11      0.00      0.45      0.00      0.00     99.44
                all      0.12      0.00      0.46      0.00      0.00     99.42
start----
                all      0.17      0.00      2.03      0.02      0.00     97.78
                all      0.09      0.00      3.36      0.00      0.00     96.55
end------
                all      0.06      0.00      0.19      0.00      0.00     99.76
                all      0.12      0.00      0.46      0.00      0.00     99.42
                all      0.13      0.00      0.45      0.00      0.00     99.42
start----
                all      0.11      0.00      0.42      0.00      0.00     99.47
                all      0.18      0.00      5.13      0.01      0.00     94.68
                all      0.04      0.00      0.06      0.00      0.00     99.90
end------
                all      0.12      0.00      0.41      0.00      0.00     99.47
                all      0.13      0.00      0.45      0.00      0.00     99.43
                all      0.11      0.00      0.45      0.00      0.00     99.44
start----
                all      0.17      0.00      2.78      0.02      0.00     97.03
                all      0.07      0.00      2.52      0.00      0.00     97.42
end------
                all      0.07      0.00      0.23      0.00      0.00     99.70
                all      0.13      0.00      0.45      0.00      0.00     99.43
                all      0.11      0.00      0.46      0.00      0.00     99.42
start----
                all      0.13      0.00      0.56      0.01      0.00     99.30
                all      0.16      0.00      5.80      0.00      0.00     94.04
                all      0.05      0.00      3.93      0.00      0.00     96.01
end------
                all      0.03      0.00      0.08      0.00      0.00     99.89
                all      0.11      0.00      0.46      0.00      0.00     99.42
                all      0.13      0.00      0.45      0.08      0.00     99.34
start----
                all      0.12      0.00      0.45      0.00      0.00     99.43
                all      0.17      0.00      4.54      0.01      0.00     95.29
                all      0.10      0.00      5.42      0.00      0.00     94.48
end------
                all      0.03      0.00      0.03      0.00      0.00     99.93
                all      0.13      0.00      0.44      0.00      0.00     99.42
                all      0.13      0.00      0.45      0.00      0.00     99.42
                all      0.11      0.00      0.45      0.00      0.00     99.44
start----
                all      0.18      0.00      3.27      0.03      0.00     96.53
                all      0.06      0.00      5.96      0.00      0.00     93.98
                all      0.05      0.00      0.81      0.00      0.00     99.14
end------
                all      0.10      0.00      0.38      0.00      0.00     99.52
                all      0.11      0.00      0.45      0.00      0.00     99.43
                all      0.13      0.00      0.45      0.00      0.00     99.42
start----
                all      0.20      0.00      1.93      0.01      0.00     97.86
                all      0.05      0.00      6.05      0.00      0.00     93.90
                all      0.18      0.00      6.12      0.00      0.00     93.70
                all      0.03      0.00      5.97      0.00      0.00     94.00
                all      0.16      0.00      0.38      0.00      0.00     99.46
end------
                all      0.09      0.00      0.27      0.00      0.00     99.64
                all      0.13      0.00      0.45      0.00      0.00     99.42
                all      0.13      0.00      0.45      0.06      0.00     99.36
start----
                all      0.20      0.00      1.22      0.03      0.00     98.55
                all      0.06      0.00      5.98      0.00      0.00     93.96
                all      0.26      0.00      6.18      0.00      0.00     93.56
                all      0.03      0.00      5.98      0.00      0.00     93.99
                all      0.19      0.00      1.34      0.00      0.00     98.46
end------
                all      0.07      0.00      0.22      0.00      0.00     99.71
                all      0.12      0.00      0.46      0.00      0.00     99.42
                all      0.13      0.00      0.45      0.00      0.00     99.43
start----
                all      0.11      0.00      0.42      0.01      0.00     99.46
                all      0.19      0.00      5.81      0.01      0.00     93.99
                all      0.23      0.00      6.17      0.00      0.00     93.60
                all      0.03      0.00      6.02      0.00      0.00     93.95
                all      0.20      0.00      2.34      0.00      0.00     97.46
end------
                all      0.06      0.00      0.24      0.00      0.00     99.70
                all      0.13      0.00      0.45      0.00      0.00     99.42
                all      0.23      0.00      0.58      0.01      0.00     99.18
start----
                all      0.13      0.00      0.54      0.02      0.00     99.31
                all      0.13      0.00      5.78      0.00      0.00     94.09
                all      0.06      0.00      6.41      0.00      0.00     93.53
                all      0.06      0.00      6.27      0.27      0.00     93.40
                all      0.04      0.00      3.10      3.40      0.00     93.45
                all      0.93      0.00      3.94      1.39      0.00     93.74
                all      0.04      0.00      5.98      0.00      0.00     93.99
                all      0.04      0.00      5.97      0.00      0.00     93.99
                all      0.22      0.00      4.08      0.01      0.00     95.69
end------
                all      0.02      0.00      0.04      0.00      0.00     99.93
                all      0.14      0.00      0.45      0.00      0.00     99.40
                all      0.14      0.00      0.43      0.00      0.00     99.42
                all      0.11      0.00      0.45      0.00      0.00     99.44
start----
                all      0.17      0.00      3.73      0.02      0.00     96.08
                all      0.07      0.00      6.22      0.00      0.00     93.72
                all      0.07      0.00      6.55      0.00      0.00     93.38
                all      0.07      0.00      4.22      2.30      0.00     93.42
                all      0.92      0.00      2.39      3.07      0.00     93.62
                all      0.02      0.00      6.02      0.00      0.00     93.96
                all      0.01      0.00      5.98      0.00      0.00     94.01
                all      0.03      0.00      5.97      0.00      0.00     94.00
                all      0.21      0.00      0.63      0.00      0.00     99.16
end------
                all      0.07      0.00      0.25      0.00      0.00     99.68
                all      0.13      0.00      0.44      0.00      0.00     99.44
                all      0.12      0.00      0.44      0.00      0.00     99.44
start----
                all      0.19      0.00      0.90      0.03      0.00     98.88
                all      0.06      0.00      5.96      0.00      0.00     93.98
                all      0.04      0.00      6.44      0.00      0.00     93.51
                all      0.05      0.00      5.91      0.51      0.00     93.54
                all      0.02      0.00      2.65      3.64      0.00     93.69
                all      0.72      0.00      4.64      0.83      0.00     93.82
                all      0.01      0.00      5.97      0.00      0.00     94.02
                all      0.03      0.00      5.98      0.00      0.00     94.00
                all      0.22      0.00      3.00      0.00      0.00     96.78
end------
                all      0.04      0.00      0.18      0.00      0.00     99.77
                all      0.12      0.00      0.44      0.00      0.00     99.44
                all      0.13      0.00      0.43      0.00      0.00     99.44
start----
                all      0.14      0.00      0.42      0.00      0.00     99.44
                all      0.45      0.00      9.19      0.03      0.00     90.34
                all      0.02      0.00      0.05      0.01      0.00     99.92
end------
                all      0.10      0.00      0.41      0.00      0.00     99.49
                all      0.13      0.00      0.44      0.00      0.00     99.44
                all      0.12      0.00      0.44      0.00      0.00     99.44
start----
                all      0.32      0.00      5.30      0.01      0.00     94.37
                all      0.06      0.00      4.03      0.00      0.00     95.91
end------
                all      0.06      0.00      0.23      0.00      0.00     99.71
                all      0.11      0.00      0.45      0.00      0.00     99.44
                all      0.11      0.00      0.45      0.07      0.00     99.37
start----
                all      0.22      0.00      0.99      0.01      0.00     98.79
                all      0.31      0.00      8.55      0.00      0.00     91.13
end------
                all      0.01      0.00      0.06      0.00      0.00     99.93
                all      0.13      0.00      0.43      0.00      0.00     99.45
                all      0.10      0.00      0.46      0.00      0.00     99.43
                all      0.12      0.00      0.49      0.00      0.00     99.38
start----
                all      0.32      0.00      7.77      0.03      0.00     91.89
                all      0.27      0.00      9.97      0.00      0.00     89.75
end------
                all      0.01      0.00      0.05      0.00      0.00     99.93
                all      0.11      0.00      0.44      0.01      0.00     99.44
                all      0.16      0.00      0.45      0.00      0.00     99.39
                all      0.19      0.00      0.50      0.00      0.00     99.30
start----
                all      0.31      0.00      6.73      0.03      0.00     92.94
                all      0.09      0.00     11.00      0.00      0.00     88.91
                all      0.01      0.00      0.06      0.00      0.00     99.92
end------
                all      0.11      0.00      0.38      0.00      0.00     99.51
                all      0.12      0.00      0.44      0.01      0.00     99.43
                all      0.13      0.00      0.44      0.07      0.00     99.37
start----
                all      0.31      0.00      5.44      0.03      0.00     94.21
                all      0.20      0.00     11.72      0.00      0.00     88.08
                all      0.06      0.00      0.74      0.00      0.00     99.20
end------
                all      0.14      0.00      0.53      0.01      0.00     99.32
                all      0.22      0.00      0.58      0.01      0.00     99.19
                all      0.14      0.00      0.51      0.00      0.00     99.35
start----
                all      0.29      0.00      4.48      0.02      0.00     95.20
                all      0.14      0.00     12.05      0.00      0.00     87.81
                all      0.03      0.00     11.89      0.03      0.00     88.06
                all      0.26      0.00      6.51      0.17      0.00     93.06
end------
                all      0.03      0.00      0.16      0.04      0.00     99.76
                all      0.14      0.00      0.42      0.00      0.00     99.44
                all      0.12      0.00      0.48      0.00      0.00     99.39
                all      0.15      0.00      0.58      0.00      0.00     99.27
start----
                all      0.28      0.00      4.92      0.03      0.00     94.77
                all      0.17      0.00     11.99      0.00      0.00     87.83
                all      0.03      0.00     11.91      0.00      0.00     88.07
                all      0.25      0.00      6.23      0.02      0.00     93.50
end------
                all      0.05      0.00      0.15      0.00      0.00     99.80
                all      0.14      0.00      0.45      0.00      0.00     99.40
                all      0.15      0.00      0.58      0.01      0.00     99.26
start----
                all      0.13      0.00      0.39      0.00      0.00     99.48
                all      0.28      0.00      9.37      0.03      0.00     90.31
                all      0.48      0.00     11.75      0.02      0.00     87.75
                all      0.04      0.00     11.93      0.00      0.00     88.03
                all      0.22      0.00      2.15      0.03      0.00     97.60
end------
                all      0.14      0.00      0.31      0.01      0.00     99.55
                all      0.15      0.00      0.50      0.00      0.00     99.35
                all      0.14      0.00      0.53      0.00      0.00     99.33
start----
                all      0.30      0.00      1.69      0.02      0.00     97.98
                all      0.06      0.00     12.00      0.00      0.00     87.94
                all      0.08      0.00     12.47      0.00      0.00     87.45
                all      0.97      0.00      4.76      6.63      0.00     87.64
                all      0.70      0.00     11.39      0.03      0.00     87.89
                all      0.03      0.00     11.91      0.00      0.00     88.05
                all      0.02      0.00     11.89      0.00      0.00     88.09
                all      0.42      0.00      3.04      0.01      0.00     96.53
end------
                all      0.07      0.00      0.25      0.00      0.00     99.68
                all      0.13      0.00      0.42      0.00      0.00     99.46
                all      0.14      0.00      0.42      0.00      0.00     99.44
start----
                all      0.21      0.00      1.08      0.02      0.00     98.69
                all      0.24      0.00     11.61      0.01      0.00     88.15
                all      0.04      0.00     12.40      0.00      0.00     87.56
                all      0.41      0.00      5.39      6.43      0.00     87.77
                all      1.99      0.00      9.90      0.13      0.00     87.98
                all      0.02      0.00     11.87      0.00      0.00     88.11
                all      0.01      0.00     11.88      0.00      0.00     88.11
                all      0.29      0.00      5.11      0.01      0.00     94.60
end------
                all      0.09      0.00      0.28      0.00      0.00     99.63
                all      0.14      0.00      0.42      0.00      0.00     99.44
                all      0.13      0.00      0.42      0.00      0.00     99.45
start----
                all      0.11      0.00      0.39      0.00      0.00     99.49
                all      0.30      0.00     10.63      0.01      0.00     89.06
                all      0.06      0.00     12.40      0.00      0.00     87.54
                all      0.04      0.00      6.77      5.58      0.00     87.61
                all      1.85      0.00      9.34      0.89      0.00     87.92
                all      0.01      0.00     11.87      0.00      0.00     88.11
                all      0.02      0.00     11.90      0.00      0.00     88.08
                all      0.33      0.00      5.97      0.00      0.00     93.69
end------
                all      0.04      0.00      0.14      0.00      0.00     99.81
                all      0.12      0.00      0.43      0.00      0.00     99.45
                all      0.13      0.00      0.43      0.00      0.00     99.44
start----
                all      0.12      0.00      0.39      0.00      0.00     99.49
                all      0.87      0.00     18.42      0.03      0.00     80.68
                all      0.03      0.00      0.38      0.00      0.00     99.60
end------
                all      0.09      0.00      0.35      0.00      0.00     99.57
                all      0.13      0.00      0.42      0.00      0.00     99.45
                all      0.13      0.00      0.44      0.08      0.00     99.35
start----
                all      0.64      0.00      7.24      0.05      0.00     92.07
                all      0.26      0.00     11.73      0.01      0.00     88.01
end------
                all      0.05      0.00      0.17      0.00      0.00     99.77
                all      0.13      0.00      0.42      0.00      0.00     99.45
                all      0.12      0.00      0.42      0.00      0.00     99.46
start----
                all      0.11      0.00      0.40      0.00      0.00     99.48
                all      0.88      0.00     18.55      0.03      0.00     80.54
                all      0.03      0.00      0.18      0.00      0.00     99.78
end------
                all      0.11      0.00      0.31      0.00      0.00     99.58
                all      0.14      0.00      0.42      0.00      0.00     99.44
                all      0.13      0.00      0.43      0.07      0.00     99.37
start----
                all      0.58      0.00      7.36      0.06      0.00     92.00
                all      0.20      0.00     23.50      0.00      0.00     76.30
                all      0.13      0.00      4.63      0.00      0.00     95.25
end------
                all      0.08      0.00      0.29      0.00      0.00     99.63
                all      0.12      0.00      0.43      0.00      0.00     99.45
                all      0.13      0.00      0.42      0.00      0.00     99.45
start----
                all      0.63      0.00      3.02      0.05      0.00     96.30
                all      0.22      0.00     23.45      0.00      0.00     76.33
                all      0.16      0.00      8.90      0.00      0.00     90.94
end------
                all      0.06      0.00      0.23      0.00      0.00     99.71
                all      0.13      0.00      0.42      0.00      0.00     99.45
                all      0.12      0.00      0.43      0.00      0.00     99.45
start----
                all      0.15      0.00      0.93      0.04      0.00     98.88
                all      0.78      0.00     21.25      0.01      0.00     77.96
                all      0.14      0.00     13.24      0.01      0.00     86.61
end------
                all      0.04      0.00      0.15      0.00      0.00     99.81
                all      0.13      0.00      0.42      0.00      0.00     99.45
                all      0.13      0.00      0.42      0.00      0.00     99.45
start----
                all      0.13      0.00      0.41      0.00      0.00     99.47
                all      0.58      0.00     17.60      0.04      0.00     81.78
                all      0.91      0.00     23.14      0.00      0.00     75.95
                all      0.02      0.00     23.70      0.00      0.00     76.28
                all      0.26      0.00      4.33      0.00      0.00     95.41
end------
                all      0.05      0.00      0.18      0.00      0.00     99.77
                all      0.12      0.00      0.43      0.00      0.00     99.45
                all      0.11      0.00      0.44      0.08      0.00     99.37
start----
                all      0.13      0.00      0.55      0.01      0.00     99.31
                all      0.57      0.00     21.48      0.07      0.00     77.89
                all      1.01      0.00     22.98      0.00      0.00     76.02
                all      0.06      0.00     23.83      0.00      0.00     76.12
                all      0.14      0.00      0.87      0.00      0.00     99.00
end------
                all      0.10      0.00      0.36      0.00      0.00     99.55
                all      0.13      0.00      0.43      0.00      0.00     99.45
                all      0.13      0.00      0.44      0.00      0.00     99.43
start----
                all      0.59      0.00      6.29      0.06      0.00     93.06
                all      0.06      0.00     23.89      0.00      0.00     76.05
                all      0.95      0.00     22.87      0.00      0.00     76.18
                all      0.22      0.00     16.17      0.01      0.00     83.60
end------
                all      0.03      0.00      0.09      0.00      0.00     99.89
                all      0.11      0.00      0.45      0.00      0.00     99.44
                all      0.14      0.00      0.42      0.00      0.00     99.45
                all      0.11      0.00      0.44      0.00      0.00     99.45
start----
                all      0.63      0.00     14.99      0.06      0.00     84.33
                all      0.04      0.00     24.11      0.00      0.00     75.85
                all      1.75      0.00     22.48      0.01      0.00     75.76
                all      2.35      0.00     21.37      0.03      0.00     76.25
                all      0.03      0.00     23.70      0.00      0.00     76.27
                all      0.02      0.00     23.71      0.00      0.00     76.28
                all      0.46      0.00      8.21      0.00      0.00     91.32
end------
                all      0.04      0.00      0.19      0.00      0.00     99.77
                all      0.13      0.00      0.43      0.00      0.00     99.44
                all      0.12      0.00      0.44      0.08      0.00     99.37
start----
                all      0.19      0.00      1.15      0.03      0.00     98.63
                all      0.57      0.00     21.76      0.01      0.00     77.66
                all      0.06      0.00     24.20      0.00      0.00     75.74
                all      3.32      0.00     20.82      0.02      0.00     75.84
                all      0.02      0.00     23.73      0.00      0.00     76.25
                all      0.01      0.00     23.70      0.00      0.00     76.29
                all      0.40      0.00     22.27      0.00      0.00     77.33
                all      0.03      0.00      0.06      0.00      0.00     99.91
end------
                all      0.10      0.00      0.38      0.00      0.00     99.52
                all      0.11      0.00      0.44      0.00      0.00     99.45
                all      0.12      0.00      0.45      0.00      0.00     99.44
start----
                all      0.64      0.00      8.59      0.05      0.00     90.73
                all      0.06      0.00     23.96      0.00      0.00     75.98
                all      0.06      0.00     24.19      0.00      0.00     75.75
                all      3.75      0.00     20.20      0.03      0.00     76.02
                all      0.02      0.00     23.69      0.00      0.00     76.30
                all      0.03      0.00     23.71      0.00      0.00     76.26
                all      0.38      0.00     13.55      0.00      0.00     86.07
end------
                all      0.03      0.00      0.12      0.00      0.00     99.85
                all      0.12      0.00      0.44      0.00      0.00     99.44
                all      0.13      0.00      0.42      0.00      0.00     99.44
start----
                all      0.11      0.00      0.41      0.00      0.00     99.49
                all      2.16      0.00     29.49      0.05      0.00     68.30
                all      0.59      0.00     21.31      0.01      0.00     78.09
end------
                all      0.03      0.00      0.13      0.00      0.00     99.84
                all      0.12      0.00      0.43      0.00      0.00     99.45
                all      0.14      0.00      0.43      0.08      0.00     99.35
start----
                all      0.11      0.00      0.40      0.00      0.00     99.48
                all      2.53      0.00     30.51      0.05      0.00     66.91
                all      0.59      0.00     21.30      0.00      0.00     78.10
end------
                all      0.04      0.00      0.13      0.00      0.00     99.83
                all      0.12      0.00      0.43      0.00      0.00     99.45
                all      0.11      0.00      0.45      0.08      0.00     99.37
start----
                all      0.11      0.00      0.40      0.00      0.00     99.48
                all      2.47      0.00     30.72      0.13      0.00     66.68
                all      0.55      0.00     21.30      0.00      0.00     78.16
end------
                all      0.04      0.00      0.15      0.00      0.00     99.81
                all      0.13      0.00      0.48      0.00      0.00     99.39
                all      0.15      0.00      0.46      0.00      0.00     99.39
start----
                all      0.11      0.00      0.40      0.00      0.00     99.49
                all      2.07      0.00     31.56      0.07      0.00     66.30
                all      0.44      0.00     45.88      0.00      0.00     53.68
                all      0.58      0.00     15.13      0.01      0.00     84.28
end------
                all      0.04      0.00      0.18      0.00      0.00     99.78
                all      0.19      0.00      0.46      0.03      0.00     99.32
                all      0.12      0.00      0.44      0.00      0.00     99.44
start----
                all      0.11      0.00      0.39      0.00      0.00     99.50
                all      1.89      0.00     36.83      0.05      0.00     61.22
                all      0.44      0.00     45.81      0.00      0.00     53.75
                all      0.56      0.00      9.37      0.00      0.00     90.06
end------
                all      0.06      0.00      0.23      0.00      0.00     99.71
                all      0.11      0.00      0.44      0.00      0.00     99.45
                all      0.11      0.00      0.44      0.00      0.00     99.45
start----
                all      0.31      0.00      4.27      0.07      0.00     95.35
                all      2.10      0.00     38.67      0.04      0.00     59.19
                all      0.07      0.00     46.04      0.00      0.00     53.89
                all      0.55      0.00      4.86      0.00      0.00     94.58
end------
                all      0.07      0.00      0.28      0.00      0.00     99.65
                all      0.12      0.00      0.44      0.00      0.00     99.45
                all      0.13      0.00      0.44      0.07      0.00     99.37
start----
                all      0.91      0.00      4.54      0.15      0.00     94.40
                all      1.05      0.00     44.32      0.02      0.00     54.61
                all      0.59      0.00     46.37      0.00      0.00     53.04
                all      0.03      0.00     46.25      0.00      0.00     53.71
                all      0.76      0.00     36.97      0.00      0.00     62.28
end------
                all      0.01      0.00      0.04      0.01      0.00     99.94
                all      0.10      0.00      0.43      0.00      0.00     99.47
                all      0.13      0.00      0.43      0.00      0.00     99.44
                all      0.11      0.00      0.44      0.00      0.00     99.44
start----
                all      1.88      0.00     15.83      0.07      0.00     82.22
                all      0.05      0.00     47.45      0.00      0.00     52.49
                all      0.77      0.00     45.67      0.00      0.00     53.55
                all      0.02      0.00     46.26      0.00      0.00     53.72
                all      0.83      0.00     20.74      0.00      0.00     78.43
end------
                all      0.01      0.00      0.04      0.00      0.00     99.95
                all      0.12      0.00      0.44      0.00      0.00     99.44
                all      0.10      0.00      0.46      0.00      0.00     99.44
                all      0.12      0.00      0.44      0.00      0.00     99.44
start----
                all      2.00      0.00     23.72      0.05      0.00     74.23
                all      0.06      0.00     47.57      0.00      0.00     52.37
                all      0.49      0.00     44.85      0.00      0.00     54.67
                all      0.03      0.00     46.22      0.00      0.00     53.75
                all      1.63      0.00     13.54      0.00      0.00     84.82
end------
                all      0.03      0.00      0.10      0.00      0.00     99.87
                all      0.11      0.00      0.44      0.00      0.00     99.44
                all      0.12      0.00      0.45      0.08      0.00     99.35
start----
                all      0.11      0.00      0.42      0.00      0.00     99.47
                all      2.10      0.00     28.57      0.09      0.00     69.24
                all      0.05      0.00     47.60      0.00      0.00     52.35
                all      0.06      0.00     47.79      0.01      0.00     52.14
                all      0.82      0.00     45.55      0.00      0.00     53.63
                all      0.03      0.00     46.23      0.00      0.00     53.74
                all      0.02      0.00     46.24      0.00      0.00     53.75
                all      0.03      0.00     46.16      0.00      0.00     53.82
                all      1.15      0.00     38.55      0.00      0.00     60.30
                all      0.02      0.00      0.04      0.00      0.00     99.93
end------
                all      0.10      0.00      0.41      0.00      0.00     99.49
                all      0.12      0.00      0.44      0.01      0.00     99.43
                all      0.15      0.00      0.51      0.07      0.00     99.27
start----
                all      2.00      0.00     14.02      0.11      0.00     83.86
                all      0.04      0.00     47.46      0.00      0.00     52.49
                all      0.08      0.00     47.89      0.00      0.00     52.03
                all      0.68      0.00     46.28      0.00      0.00     53.04
                all      0.02      0.00     46.26      0.00      0.00     53.72
                all      0.02      0.00     46.23      0.00      0.00     53.75
                all      0.03      0.00     46.18      0.00      0.00     53.79
                all      0.17      0.00     46.07      0.00      0.00     53.76
                all      1.08      0.00      7.33      0.00      0.00     91.59
end------
                all      0.04      0.00      0.16      0.00      0.00     99.80
                all      0.12      0.00      0.44      0.00      0.00     99.44
                all      0.12      0.00      0.44      0.08      0.00     99.37
start----
                all      0.11      0.00      0.39      0.01      0.00     99.49
                all      1.99      0.00     34.15      0.06      0.00     63.80
                all      0.05      0.00     47.70      0.00      0.00     52.25
                all      0.05      0.00     47.88      0.00      0.00     52.07
                all      0.75      0.00     45.66      0.00      0.00     53.60
                all      0.02      0.00     46.26      0.00      0.00     53.71
                all      0.03      0.00     46.21      0.00      0.00     53.76
                all      0.02      0.00     46.18      0.00      0.00     53.81
                all      1.06      0.00     31.86      0.00      0.00     67.07
                all      0.02      0.00      0.07      0.00      0.00     99.91
end------
                all      0.10      0.00      0.37      0.00      0.00     99.53
                all      0.12      0.00      0.43      0.00      0.00     99.45
                all      0.13      0.00      0.43      0.00      0.00     99.44
start----
                all      1.01      0.00      9.68      0.11      0.00     89.21
                all     11.15      0.00     66.91      0.07      0.00     21.87
                all      8.99      0.00     78.56      0.00      0.00     12.44
                all      0.08      0.00      5.70      0.00      0.00     94.21
end------
                all      0.04      0.00      0.17      0.00      0.00     99.79
                all      0.12      0.00      0.44      0.00      0.00     99.44
                all      0.11      0.00      0.44      0.06      0.00     99.39
start----
                all      0.13      0.00      0.56      0.03      0.00     99.28
                all      7.78      0.00     47.66      0.12      0.00     44.43
                all      2.89      0.00     87.36      0.00      0.00      9.75
                all      4.16      0.00     23.72      0.00      0.00     72.12
end------
                all      0.01      0.00      0.06      0.00      0.00     99.93
                all      0.11      0.00      0.46      0.00      0.00     99.44
                all      0.13      0.00      0.44      0.08      0.00     99.36
                all      0.11      0.00      0.44      0.00      0.00     99.45
start----
                all      4.29      0.00     25.67      0.16      0.00     69.88
                all      7.01      0.00     80.71      0.10      0.00     12.17
                all      5.46      0.00     47.30      0.00      0.00     47.24
                all      0.02      0.00      0.10      0.00      0.00     99.88
end------
                all      0.08      0.00      0.36      0.00      0.00     99.56
                all      0.11      0.00      0.45      0.00      0.00     99.45
                all      0.13      0.00      0.44      0.08      0.00     99.35
start----
                all      0.98      0.00     11.85      0.06      0.00     87.11
                all      8.37      0.00     71.15      0.06      0.00     20.42
                all      2.97      0.00     88.57      0.00      0.00      8.46
                all      0.26      0.00     87.02      0.00      0.00     12.72
                all      4.27      0.00     20.42      0.00      0.00     75.31
end------
                all      0.03      0.00      0.10      0.00      0.00     99.87
                all      0.11      0.00      0.44      0.00      0.00     99.45
                all      0.12      0.00      0.44      0.00      0.00     99.44
start----
                all      0.11      0.00      0.42      0.00      0.00     99.46
                all      4.82      0.00     29.88      0.14      0.00     65.16
                all      3.73      0.00     87.01      0.05      0.00      9.21
                all      4.38      0.00     83.55      0.00      0.00     12.07
                all      6.79      0.00     72.95      0.00      0.00     20.27
                all      0.06      0.00      1.54      0.01      0.00     98.39
end------
                all      0.06      0.00      0.26      0.00      0.00     99.68
                all      0.14      0.00      0.44      0.00      0.00     99.43
                all      0.11      0.00      0.45      0.00      0.00     99.44
start----
                all      0.47      0.00      5.77      0.06      0.00     93.70
                all      7.35      0.00     55.48      0.10      0.00     37.08
                all      2.41      0.00     90.28      0.00      0.00      7.31
                all      0.08      0.00     87.25      0.00      0.00     12.67
                all      5.14      0.00     33.89      0.00      0.00     60.96
                all      0.03      0.00      0.07      0.00      0.00     99.91
end------
                all      0.10      0.00      0.36      0.00      0.00     99.54
                all      0.13      0.00      0.43      0.00      0.00     99.45
                all      0.11      0.00      0.45      0.00      0.00     99.44
start----
                all      0.95      0.00     12.51      0.21      0.00     86.32
                all      6.71      0.00     68.33      0.13      0.00     24.83
                all      0.05      0.00     94.59      0.00      0.00      5.36
                all      2.94      0.00     88.86      0.00      0.00      8.20
                all      0.06      0.00     86.88      0.00      0.00     13.06
                all      7.52      0.00     71.79      0.00      0.00     20.69
                all      0.04      0.00      1.26      0.01      0.00     98.69
end------
                all      0.04      0.00      0.19      0.00      0.00     99.77
                all      0.12      0.00      0.44      0.00      0.00     99.44
                all      0.13      0.00      0.43      0.08      0.00     99.36
start----
                all      0.10      0.00      0.41      0.00      0.00     99.49
                all      8.02      0.00     41.97      0.14      0.00     49.87
                all      0.04      0.00     94.46      0.00      0.00      5.50
                all      1.31      0.00     93.54      0.00      0.00      5.14
                all      1.68      0.00     83.98      0.00      0.00     14.34
                all      0.08      0.00     87.20      0.00      0.00     12.72
                all      0.69      0.00     86.59      0.00      0.00     12.72
                all      3.34      0.00     18.00      0.01      0.00     78.64
end------
                all      0.00      0.00      0.03      0.00      0.00     99.97
                all      0.11      0.00      0.44      0.00      0.00     99.44
                all      0.11      0.00      0.44      0.00      0.00     99.44
                all      0.13      0.00      0.44      0.00      0.00     99.44
start----
                all      2.79      0.00     21.66      0.18      0.00     75.38
                all      4.71      0.00     80.74      0.04      0.00     14.51
                all      0.05      0.00     94.69      0.00      0.00      5.27
                all      3.45      0.00     85.88      0.00      0.00     10.68
                all      0.04      0.00     87.29      0.00      0.00     12.66
                all      0.07      0.00     87.10      0.00      0.00     12.83
                all      6.02      0.00     43.96      0.00      0.00     50.02
                all      0.03      0.00      0.08      0.00      0.00     99.89
end------
                all      0.08      0.00      0.32      0.00      0.00     99.60
                all      0.12      0.00      0.43      0.00      0.00     99.45
                all      0.11      0.00      0.45      0.00      0.00     99.44
start----
                all      0.81      0.00      9.17      0.04      0.00     89.98
                all      7.09      0.00     56.29      0.11      0.00     36.51
                all      0.06      0.00     94.55      0.00      0.00      5.39
                all      0.04      0.00     94.84      0.00      0.00      5.12
                all      0.07      0.00     94.81      0.00      0.00      5.12
                all      2.51      0.00     90.30      0.00      0.00      7.19
                all      0.06      0.00     87.39      0.00      0.00     12.54
                all      0.04      0.00     87.08      0.00      0.00     12.88
                all      0.07      0.00     87.14      0.00      0.00     12.79
                all      0.05      0.00     87.06      0.00      0.00     12.89
                all      0.07      0.00     87.26      0.00      0.00     12.67
                all      4.50      0.00     83.28      0.00      0.00     12.22
                all      2.40      0.00     14.77      0.01      0.00     82.82
end------
                all      0.04      0.00      0.13      0.00      0.00     99.83
                all      0.12      0.00      0.45      0.00      0.00     99.44
                all      0.13      0.00      0.45      0.00      0.00     99.43
                all      0.13      0.00      0.43      0.00      0.00     99.44
start----
                all      3.57      0.00     24.22      0.16      0.00     72.05
                all      4.95      0.00     85.53      0.10      0.00      9.43
                all      0.05      0.00     94.71      0.00      0.00      5.24
                all      0.07      0.00     94.85      0.00      0.00      5.08
                all      0.04      0.00     94.84      0.00      0.00      5.12
                all      3.27      0.00     85.03      0.00      0.00     11.70
                all      0.04      0.00     87.20      0.00      0.00     12.76
                all      0.07      0.00     87.12      0.00      0.00     12.81
                all      0.04      0.00     87.20      0.00      0.00     12.75
                all      0.07      0.00     87.15      0.00      0.00     12.78
                all      0.05      0.00     87.14      0.00      0.00     12.81
                all      8.04      0.00     51.77      0.00      0.00     40.18
                all      0.02      0.00      0.13      0.00      0.00     99.84
end------
                all      0.07      0.00      0.24      0.00      0.00     99.70
                all      0.12      0.00      0.44      0.00      0.00     99.44
                all      0.11      0.00      0.45      0.00      0.00     99.44
start----
                all      0.36      0.00      3.96      0.16      0.00     95.52
                all      8.28      0.00     52.48      0.12      0.00     39.12
                all      0.05      0.00     94.49      0.00      0.00      5.46
                all      0.06      0.00     94.83      0.00      0.00      5.11
                all      0.05      0.00     94.85      0.00      0.00      5.10
                all      2.34      0.00     91.38      0.00      0.00      6.29
                all      0.04      0.00     87.45      0.00      0.00     12.51
                all      0.08      0.00     87.29      0.00      0.00     12.63
                all      0.04      0.00     87.10      0.00      0.00     12.85
                all      0.07      0.00     87.13      0.00      0.00     12.80
                all      0.04      0.00     87.07      0.00      0.00     12.88
                all      0.48      0.00     86.81      0.00      0.00     12.70
                all      3.96      0.00     20.06      0.00      0.00     75.97
end------
                all      0.03      0.00      0.10      0.00      0.00     99.87
                all      0.11      0.00      0.44      0.00      0.00     99.45
                all      0.13      0.00      0.44      0.00      0.00     99.43
                all      0.11      0.00      0.42      0.00      0.00     99.47
End of data collecting unexpected
