
Linux 5.2.8200225+ (knl03.kisti.re.kr) 	2020년 04월 05일 	_x86_64_	(272 CPU)

                CPU     %user     %nice   %system   %iowait    %steal     %idle
                all      0.03      0.00      0.10      0.00      0.00     99.87
                all      0.02      0.00      0.09      0.15      0.00     99.74
                all      0.01      0.00      0.07      0.37      0.00     99.55
                all      0.01      0.00      0.07      0.37      0.00     99.55
                all      0.02      0.00      0.08      0.05      0.00     99.85
                all      0.01      0.00      0.14      0.24      0.00     99.60
                all      0.03      0.00      0.10      0.03      0.00     99.85
                all      0.03      0.00      0.11      0.00      0.00     99.85
                all      0.10      0.00      0.17      0.08      0.00     99.66
                all      0.02      0.00      0.19      0.00      0.00     99.79
                all      0.02      0.00      0.07      0.00      0.00     99.91
                all      0.02      0.00      0.08      0.00      0.00     99.90
start----
                all      0.07      0.00      0.80      0.02      0.00     99.11
                all      0.07      0.00      2.95      0.00      0.00     96.98
                all      0.04      0.00      0.09      0.00      0.00     99.86
                all      0.01      0.00      0.07      0.00      0.00     99.91
                all      0.11      0.00      0.17      0.00      0.00     99.72
                all      0.01      0.00      0.08      0.00      0.00     99.90
                all      0.08      0.00      1.39      0.01      0.00     98.51
                all      0.06      0.00      2.29      0.01      0.00     97.64
end------
                all      0.01      0.00      0.06      0.00      0.00     99.93
                all      0.12      0.00      0.46      0.00      0.00     99.42
                all      0.11      0.00      0.47      0.00      0.00     99.42
                all      0.11      0.00      0.46      0.00      0.00     99.43
start----
                all      0.08      0.00      2.13      0.01      0.00     97.77
                all      0.05      0.00      1.58      0.00      0.00     98.36
end------
                all      0.05      0.00      0.19      0.00      0.00     99.76
                all      0.11      0.00      0.46      0.00      0.00     99.44
                all      0.12      0.00      0.45      0.00      0.00     99.43
start----
                all      0.11      0.00      0.41      0.01      0.00     99.47
                all      0.08      0.00      2.81      0.01      0.00     97.10
                all      0.07      0.00      2.97      0.00      0.00     96.96
                all      0.07      0.00      1.44      0.01      0.00     98.49
end------
                all      0.05      0.00      0.19      0.00      0.00     99.76
                all      0.11      0.00      0.46      0.00      0.00     99.43
                all      0.11      0.00      0.46      0.07      0.00     99.36
start----
                all      0.10      0.00      0.40      0.01      0.00     99.49
                all      0.08      0.00      2.90      0.01      0.00     97.01
                all      0.04      0.00      2.99      0.00      0.00     96.96
                all      0.05      0.00      1.19      0.01      0.00     98.75
end------
                all      0.04      0.00      0.16      0.00      0.00     99.80
                all      0.11      0.00      0.46      0.00      0.00     99.43
                all      0.12      0.00      0.46      0.00      0.00     99.42
start----
                all      0.10      0.00      0.44      0.00      0.00     99.47
                all      0.07      0.00      2.64      0.01      0.00     97.27
                all      0.06      0.00      2.97      0.00      0.00     96.97
                all      0.05      0.00      1.51      0.00      0.00     98.44
end------
                all      0.02      0.00      0.11      0.00      0.00     99.87
                all      0.11      0.00      0.46      0.00      0.00     99.44
                all      0.10      0.00      0.48      0.00      0.00     99.42
start----
                all      0.10      0.00      0.46      0.00      0.00     99.44
                all      0.08      0.00      2.36      0.01      0.00     97.55
                all      0.03      0.00      3.01      0.00      0.00     96.96
                all      0.03      0.00      3.53      0.00      0.00     96.44
                all      0.07      0.00      3.24      0.00      0.00     96.68
                all      0.06      0.00      2.98      0.00      0.00     96.96
                all      0.05      0.00      0.11      0.00      0.00     99.84
end------
                all      0.07      0.00      0.29      0.00      0.00     99.64
                all      0.12      0.00      0.45      0.00      0.00     99.43
                all      0.12      0.00      0.46      0.00      0.00     99.41
start----
                all      0.13      0.00      0.91      0.01      0.00     98.94
                all      0.03      0.00      3.00      0.00      0.00     96.96
                all      0.03      0.00      3.22      0.00      0.00     96.75
                all      0.06      0.00      3.51      0.00      0.00     96.42
                all      0.06      0.00      3.01      0.00      0.00     96.93
                all      0.12      0.00      1.63      0.00      0.00     98.24
end------
                all      0.01      0.00      0.04      0.00      0.00     99.95
                all      0.11      0.00      0.46      0.00      0.00     99.43
                all      0.11      0.00      0.47      0.08      0.00     99.35
                all      0.12      0.00      0.46      0.00      0.00     99.42
start----
                all      0.08      0.00      2.07      0.02      0.00     97.83
                all      0.03      0.00      3.01      0.00      0.00     96.96
                all      0.03      0.00      3.46      0.00      0.00     96.51
                all      0.09      0.00      3.27      0.00      0.00     96.65
                all      0.03      0.00      3.02      0.00      0.00     96.95
                all      0.19      0.00      0.24      0.00      0.00     99.57
end------
                all      0.08      0.00      0.33      0.00      0.00     99.59
                all      0.10      0.00      0.47      0.00      0.00     99.43
                all      0.11      0.00      0.47      0.06      0.00     99.36
start----
                all      0.11      0.00      1.24      0.02      0.00     98.63
                all      0.04      0.00      3.00      0.00      0.00     96.96
                all      0.03      0.00      3.27      0.00      0.00     96.69
                all      0.04      0.00      3.57      0.00      0.00     96.39
                all      0.03      0.00      3.57      0.00      0.00     96.39
                all      0.04      0.00      3.52      0.00      0.00     96.44
                all      0.03      0.00      3.07      0.49      0.00     96.40
                all      0.52      0.00      1.79      1.26      0.00     96.43
                all      0.01      0.00      3.06      0.00      0.00     96.92
                all      0.02      0.00      3.02      0.00      0.00     96.96
                all      0.12      0.00      2.93      0.00      0.00     96.95
                all      0.11      0.00      0.12      0.00      0.00     99.77
end------
                all      0.07      0.00      0.28      0.00      0.00     99.65
                all      0.14      0.00      0.54      0.00      0.00     99.32
                all      0.12      0.00      0.45      0.00      0.00     99.43
start----
                all      0.14      0.00      0.85      0.01      0.00     99.00
                all      0.03      0.00      3.00      0.00      0.00     96.97
                all      0.03      0.00      3.13      0.00      0.00     96.84
                all      0.03      0.00      3.59      0.00      0.00     96.38
                all      0.04      0.00      3.51      0.00      0.00     96.46
                all      0.03      0.00      3.58      0.00      0.00     96.39
                all      0.03      0.00      3.42      0.08      0.00     96.46
                all      0.43      0.00      1.91      1.11      0.00     96.54
                all      0.01      0.00      3.05      0.00      0.00     96.94
                all      0.02      0.00      3.02      0.00      0.00     96.96
                all      0.18      0.00      2.85      0.00      0.00     96.97
                all      0.17      0.00      0.14      0.00      0.00     99.69
end------
                all      0.08      0.00      0.36      0.00      0.00     99.55
                all      0.11      0.00      0.46      0.00      0.00     99.44
                all      0.11      0.00      0.46      0.07      0.00     99.36
start----
                all      0.11      0.00      1.32      0.02      0.00     98.55
                all      0.04      0.00      3.00      0.00      0.00     96.97
                all      0.03      0.00      3.22      0.00      0.00     96.74
                all      0.04      0.00      3.57      0.00      0.00     96.38
                all      0.03      0.00      3.52      0.00      0.00     96.45
                all      0.03      0.00      3.54      0.00      0.00     96.42
                all      0.03      0.00      3.22      0.33      0.00     96.43
                all      0.16      0.00      2.41      0.76      0.00     96.68
                all      0.01      0.00      3.02      0.00      0.00     96.97
                all      0.03      0.00      3.02      0.00      0.00     96.95
                all      0.13      0.00      1.87      0.00      0.00     97.99
end------
                all      0.03      0.00      0.16      0.00      0.00     99.81
                all      0.10      0.00      0.46      0.00      0.00     99.43
                all      0.10      0.00      0.46      0.00      0.00     99.44
start----
                all      0.12      0.00      0.43      0.00      0.00     99.45
                all      0.16      0.00      4.67      0.02      0.00     95.15
                all      0.04      0.00      0.82      0.00      0.00     99.14
end------
                all      0.09      0.00      0.33      0.00      0.00     99.58
                all      0.12      0.00      0.45      0.00      0.00     99.43
                all      0.11      0.00      0.46      0.06      0.00     99.37
start----
                all      0.20      0.00      2.02      0.03      0.00     97.76
                all      0.07      0.00      3.57      0.00      0.00     96.36
end------
                all      0.03      0.00      0.12      0.00      0.00     99.86
                all      0.11      0.00      0.45      0.00      0.00     99.44
                all      0.12      0.00      0.45      0.00      0.00     99.43
start----
                all      0.12      0.00      0.42      0.00      0.00     99.45
                all      0.15      0.00      5.02      0.02      0.00     94.81
                all      0.03      0.00      0.44      0.00      0.00     99.53
end------
                all      0.08      0.00      0.35      0.00      0.00     99.56
                all      0.11      0.00      0.46      0.00      0.00     99.43
                all      0.12      0.00      0.47      0.08      0.00     99.33
start----
                all      0.16      0.00      2.39      0.02      0.00     97.43
                all      0.06      0.00      5.95      0.00      0.00     93.99
                all      0.05      0.00      2.34      0.01      0.00     97.60
end------
                all      0.06      0.00      0.23      0.00      0.00     99.71
                all      0.12      0.00      0.45      0.00      0.00     99.43
                all      0.10      0.00      0.46      0.00      0.00     99.43
start----
                all      0.19      0.00      0.64      0.03      0.00     99.14
                all      0.19      0.00      5.79      0.00      0.00     94.02
                all      0.06      0.00      4.39      0.00      0.00     95.55
end------
                all      0.01      0.00      0.07      0.00      0.00     99.91
                all      0.11      0.00      0.45      0.00      0.00     99.43
                all      0.11      0.00      0.45      0.00      0.00     99.43
                all      0.14      0.00      0.53      0.00      0.00     99.32
start----
                all      0.14      0.00      4.28      0.02      0.00     95.56
                all      0.04      0.00      5.94      0.00      0.00     94.01
                all      0.04      0.00      0.31      0.01      0.00     99.63
end------
                all      0.09      0.00      0.38      0.00      0.00     99.54
                all      0.12      0.00      0.45      0.00      0.00     99.43
                all      0.12      0.00      0.45      0.00      0.00     99.43
start----
                all      0.18      0.00      2.44      0.02      0.00     97.36
                all      0.05      0.00      6.04      0.00      0.00     93.91
                all      0.33      0.00      6.05      0.00      0.00     93.62
                all      0.01      0.00      5.98      0.00      0.00     94.01
                all      0.10      0.00      1.11      0.00      0.00     98.79
end------
                all      0.07      0.00      0.32      0.00      0.00     99.61
                all      0.11      0.00      0.46      0.00      0.00     99.43
                all      0.12      0.00      0.45      0.07      0.00     99.35
start----
                all      0.20      0.00      1.70      0.02      0.00     98.08
                all      0.04      0.00      6.00      0.00      0.00     93.96
                all      0.21      0.00      6.22      0.00      0.00     93.57
                all      0.01      0.00      5.98      0.00      0.00     94.01
                all      0.12      0.00      1.75      0.00      0.00     98.12
end------
                all      0.06      0.00      0.27      0.00      0.00     99.68
                all      0.12      0.00      0.45      0.00      0.00     99.44
                all      0.11      0.00      0.46      0.07      0.00     99.35
start----
                all      0.17      0.00      1.04      0.03      0.00     98.76
                all      0.04      0.00      5.94      0.00      0.00     94.02
                all      0.19      0.00      6.24      0.00      0.00     93.57
                all      0.01      0.00      6.00      0.00      0.00     93.99
                all      0.15      0.00      2.46      0.00      0.00     97.39
end------
                all      0.02      0.00      0.11      0.00      0.00     99.87
                all      0.11      0.00      0.46      0.00      0.00     99.43
                all      0.11      0.00      0.45      0.06      0.00     99.38
start----
                all      0.11      0.00      0.42      0.00      0.00     99.47
                all      0.13      0.00      4.88      0.02      0.00     94.97
                all      0.04      0.00      6.29      0.00      0.00     93.67
                all      0.04      0.00      6.55      0.00      0.00     93.41
                all      0.03      0.00      4.61      1.84      0.00     93.52
                all      0.56      0.00      2.33      3.45      0.00     93.66
                all      0.02      0.00      6.06      0.00      0.00     93.92
                all      0.01      0.00      5.97      0.00      0.00     94.01
                all      0.02      0.00      5.96      0.00      0.00     94.02
                all      0.57      0.00      0.77      0.00      0.00     98.66
end------
                all      0.07      0.00      0.31      0.00      0.00     99.62
                all      0.13      0.00      0.45      0.00      0.00     99.42
                all      0.11      0.00      0.46      0.00      0.00     99.43
start----
                all      0.18      0.00      1.56      0.01      0.00     98.24
                all      0.04      0.00      5.98      0.00      0.00     93.98
                all      0.04      0.00      6.48      0.00      0.00     93.48
                all      0.04      0.00      6.52      0.06      0.00     93.38
                all      0.03      0.00      3.04      3.33      0.00     93.60
                all      0.62      0.00      3.65      1.96      0.00     93.77
                all      0.01      0.00      6.03      0.00      0.00     93.96
                all      0.01      0.00      5.97      0.00      0.00     94.02
                all      0.52      0.00      4.34      0.00      0.00     95.15
                all      0.03      0.00      0.06      0.01      0.00     99.90
end------
                all      0.09      0.00      0.38      0.00      0.00     99.53
                all      0.12      0.00      0.45      0.00      0.00     99.42
                all      0.11      0.00      0.46      0.00      0.00     99.43
start----
                all      0.17      0.00      2.69      0.03      0.00     97.11
                all      0.05      0.00      6.07      0.00      0.00     93.88
                all      0.04      0.00      6.52      0.00      0.00     93.44
                all      0.03      0.00      5.72      0.81      0.00     93.44
                all      0.06      0.00      2.62      3.80      0.00     93.53
                all      0.81      0.00      3.76      1.63      0.00     93.81
                all      0.01      0.00      6.03      0.00      0.00     93.96
                all      0.02      0.00      5.98      0.00      0.00     94.00
                all      0.58      0.00      4.23      0.01      0.00     95.19
end------
                all      0.00      0.00      0.03      0.00      0.00     99.96
                all      0.10      0.00      0.47      0.00      0.00     99.42
                all      0.11      0.00      0.46      0.00      0.00     99.43
                all      0.12      0.00      0.45      0.00      0.00     99.43
start----
                all      0.37      0.00      6.80      0.03      0.00     92.79
                all      0.07      0.00      3.36      0.00      0.00     96.58
end------
                all      0.06      0.00      0.25      0.00      0.00     99.69
                all      0.11      0.00      0.46      0.00      0.00     99.43
                all      0.11      0.00      0.46      0.07      0.00     99.35
start----
                all      0.39      0.00      1.64      0.05      0.00     97.92
                all      0.10      0.00      8.65      0.00      0.00     91.25
end------
                all      0.03      0.00      0.10      0.00      0.00     99.87
                all      0.11      0.00      0.45      0.00      0.00     99.44
                all      0.11      0.00      0.46      0.00      0.00     99.42
                all      0.11      0.00      0.46      0.00      0.00     99.43
start----
                all      0.29      0.00      7.92      0.02      0.00     91.77
                all      0.05      0.00      2.21      0.00      0.00     97.73
end------
                all      0.08      0.00      0.33      0.00      0.00     99.58
                all      0.11      0.00      0.45      0.00      0.00     99.44
                all      0.12      0.00      0.45      0.00      0.00     99.43
start----
                all      0.30      0.00      2.85      0.03      0.00     96.82
                all      0.12      0.00     11.79      0.00      0.00     88.09
                all      0.05      0.00      4.64      0.00      0.00     95.30
end------
                all      0.05      0.00      0.23      0.00      0.00     99.72
                all      0.11      0.00      0.45      0.00      0.00     99.44
                all      0.11      0.00      0.46      0.07      0.00     99.36
start----
                all      0.15      0.00      0.87      0.03      0.00     98.95
                all      0.41      0.00     11.19      0.00      0.00     88.40
                all      0.07      0.00      7.30      0.00      0.00     92.63
end------
                all      0.03      0.00      0.12      0.00      0.00     99.85
                all      0.11      0.00      0.45      0.00      0.00     99.43
                all      0.12      0.00      0.46      0.06      0.00     99.36
start----
                all      0.11      0.00      0.42      0.00      0.00     99.47
                all      0.28      0.00      9.45      0.03      0.00     90.24
                all      0.19      0.00      9.55      0.00      0.00     90.26
end------
                all      0.01      0.00      0.03      0.00      0.00     99.96
                all      0.13      0.00      0.45      0.00      0.00     99.42
                all      0.11      0.00      0.46      0.00      0.00     99.43
                all      0.12      0.00      0.45      0.00      0.00     99.43
start----
                all      0.24      0.00      7.04      0.03      0.00     92.68
                all      0.11      0.00     12.11      0.00      0.00     87.77
                all      0.02      0.00     11.91      0.00      0.00     88.07
                all      0.19      0.00      6.69      0.01      0.00     93.10
end------
                all      0.03      0.00      0.15      0.00      0.00     99.82
                all      0.11      0.00      0.46      0.00      0.00     99.43
                all      0.12      0.00      0.45      0.00      0.00     99.43
start----
                all      0.11      0.00      0.41      0.00      0.00     99.48
                all      0.26      0.00      9.88      0.03      0.00     89.83
                all      0.17      0.00     12.09      0.00      0.00     87.74
                all      0.01      0.00     11.88      0.00      0.00     88.10
                all      0.18      0.00      4.00      0.00      0.00     95.82
end------
                all      0.04      0.00      0.17      0.00      0.00     99.80
                all      0.11      0.00      0.46      0.00      0.00     99.42
                all      0.10      0.00      0.47      0.07      0.00     99.36
start----
                all      0.11      0.00      0.41      0.00      0.00     99.48
                all      0.29      0.00     10.29      0.02      0.00     89.40
                all      0.28      0.00     11.98      0.01      0.00     87.73
                all      0.02      0.00     11.87      0.00      0.00     88.11
                all      0.19      0.00      3.91      0.00      0.00     95.90
end------
                all      0.06      0.00      0.27      0.00      0.00     99.67
                all      0.12      0.00      0.45      0.00      0.00     99.43
                all      0.11      0.00      0.46      0.00      0.00     99.42
start----
                all      0.22      0.00      1.06      0.03      0.00     98.70
                all      0.20      0.00     11.67      0.00      0.00     88.14
                all      0.04      0.00     12.38      0.00      0.00     87.58
                all      0.04      0.00      9.18      3.13      0.00     87.64
                all      1.06      0.00      6.36      4.78      0.00     87.81
                all      0.02      0.00     11.89      0.00      0.00     88.09
                all      0.01      0.00     11.87      0.00      0.00     88.11
                all      0.18      0.00      9.88      0.00      0.00     89.94
end------
                all      0.01      0.00      0.04      0.00      0.00     99.95
                all      0.11      0.00      0.45      0.00      0.00     99.44
                all      0.12      0.00      0.45      0.00      0.00     99.43
                all      0.13      0.00      0.44      0.00      0.00     99.43
start----
                all      0.26      0.00      6.58      0.03      0.00     93.12
                all      0.04      0.00     12.16      0.00      0.00     87.79
                all      0.04      0.00     12.37      0.00      0.00     87.59
                all      0.15      0.00      5.20      6.93      0.00     87.72
                all      1.35      0.00     10.51      0.14      0.00     88.01
                all      0.01      0.00     11.87      0.00      0.00     88.11
                all      0.01      0.00     11.88      0.00      0.00     88.11
                all      0.33      0.00      4.26      0.00      0.00     95.41
end------
                all      0.03      0.00      0.15      0.00      0.00     99.82
                all      0.11      0.00      0.45      0.00      0.00     99.44
                all      0.11      0.00      0.46      0.00      0.00     99.42
start----
                all      0.11      0.00      0.41      0.00      0.00     99.48
                all      0.28      0.00      9.98      0.01      0.00     89.73
                all      0.04      0.00     12.32      0.00      0.00     87.64
                all      0.04      0.00     11.61      0.82      0.00     87.53
                all      2.04      0.00      4.53      5.62      0.00     87.81
                all      0.02      0.00     11.90      0.00      0.00     88.08
                all      0.02      0.00     11.89      0.00      0.00     88.09
                all      0.01      0.00     11.88      0.00      0.00     88.11
                all      0.46      0.00      1.54      0.00      0.00     98.00
end------
                all      0.09      0.00      0.32      0.00      0.00     99.60
                all      0.11      0.00      0.45      0.00      0.00     99.44
                all      0.12      0.00      0.46      0.00      0.00     99.42
start----
                all      0.69      0.00      4.60      0.04      0.00     94.67
                all      0.29      0.00     15.62      0.00      0.00     84.09
end------
                all      0.02      0.00      0.08      0.00      0.00     99.90
                all      0.13      0.00      0.44      0.00      0.00     99.44
                all      0.12      0.00      0.46      0.07      0.00     99.34
start----
                all      0.10      0.00      0.46      0.00      0.00     99.44
                all      0.69      0.00     15.42      0.05      0.00     83.84
                all      0.13      0.00      4.49      0.00      0.00     95.39
end------
                all      0.07      0.00      0.29      0.00      0.00     99.64
                all      0.11      0.00      0.45      0.00      0.00     99.44
                all      0.12      0.00      0.45      0.08      0.00     99.35
start----
                all      0.63      0.00      3.43      0.04      0.00     95.90
                all      0.30      0.00     16.39      0.01      0.00     83.30
end------
                all      0.01      0.00      0.06      0.00      0.00     99.93
                all      0.13      0.00      0.45      0.00      0.00     99.42
                all      0.11      0.00      0.45      0.00      0.00     99.44
                all      0.11      0.00      0.45      0.00      0.00     99.44
start----
                all      0.62      0.00     14.82      0.04      0.00     84.51
                all      0.30      0.00     22.60      0.00      0.00     77.10
                all      0.03      0.00      0.08      0.01      0.00     99.88
end------
                all      0.10      0.00      0.41      0.00      0.00     99.49
                all      0.13      0.00      0.45      0.00      0.00     99.42
                all      0.11      0.00      0.46      0.00      0.00     99.44
start----
                all      0.68      0.00      8.13      0.03      0.00     91.16
                all      0.17      0.00     23.50      0.00      0.00     76.33
                all      0.16      0.00      5.65      0.00      0.00     94.18
end------
                all      0.06      0.00      0.27      0.00      0.00     99.66
                all      0.11      0.00      0.45      0.00      0.00     99.44
                all      0.12      0.00      0.45      0.00      0.00     99.43
start----
                all      0.60      0.00      2.28      0.06      0.00     97.06
                all      0.27      0.00     23.30      0.00      0.00     76.43
                all      0.14      0.00     12.07      0.01      0.00     87.78
end------
                all      0.04      0.00      0.16      0.00      0.00     99.80
                all      0.11      0.00      0.45      0.00      0.00     99.44
                all      0.13      0.00      0.45      0.00      0.00     99.42
start----
                all      0.11      0.00      0.39      0.00      0.00     99.49
                all      0.56      0.00     19.84      0.07      0.00     79.54
                all      0.70      0.00     23.36      0.00      0.00     75.94
                all      0.02      0.00     23.70      0.00      0.00     76.28
                all      0.20      0.00      6.70      0.00      0.00     93.10
end------
                all      0.04      0.00      0.14      0.00      0.00     99.83
                all      0.12      0.00      0.45      0.00      0.00     99.43
                all      0.11      0.00      0.46      0.07      0.00     99.36
start----
                all      0.11      0.00      0.40      0.00      0.00     99.49
                all      0.61      0.00     19.58      0.04      0.00     79.77
                all      0.81      0.00     23.24      0.00      0.00     75.96
                all      0.02      0.00     23.69      0.00      0.00     76.29
                all      0.21      0.00      6.68      0.00      0.00     93.11
end------
                all      0.06      0.00      0.26      0.00      0.00     99.69
                all      0.13      0.00      0.43      0.00      0.00     99.44
                all      0.12      0.00      0.45      0.08      0.00     99.36
start----
                all      0.28      0.00      1.69      0.04      0.00     97.98
                all      0.37      0.00     22.92      0.01      0.00     76.71
                all      0.65      0.00     23.35      0.00      0.00     76.00
                all      0.02      0.00     23.71      0.00      0.00     76.27
                all      0.15      0.00      2.31      0.00      0.00     97.54
end------
                all      0.05      0.00      0.23      0.00      0.00     99.72
                all      0.11      0.00      0.45      0.00      0.00     99.44
                all      0.11      0.00      0.45      0.00      0.00     99.43
start----
                all      0.31      0.00      1.45      0.08      0.00     98.15
                all      0.34      0.00     23.02      0.00      0.00     76.64
                all      0.05      0.00     24.24      0.00      0.00     75.71
                all      0.41      0.00     23.68      0.00      0.00     75.91
                all      0.03      0.00     23.73      0.00      0.00     76.24
                all      0.03      0.00     23.71      0.00      0.00     76.27
                all      0.01      0.00     23.70      0.00      0.00     76.29
                all      0.40      0.00      3.84      0.00      0.00     95.75
end------
                all      0.07      0.00      0.30      0.00      0.00     99.63
                all      0.11      0.00      0.46      0.00      0.00     99.44
                all      0.12      0.00      0.44      0.00      0.00     99.44
start----
                all      0.66      0.00      3.72      0.04      0.00     95.58
                all      0.05      0.00     23.80      0.00      0.00     76.15
                all      0.04      0.00     24.23      0.00      0.00     75.73
                all      0.37      0.00     23.81      0.00      0.00     75.82
                all      0.03      0.00     23.70      0.00      0.00     76.27
                all      0.02      0.00     23.71      0.00      0.00     76.27
                all      0.24      0.00     23.37      0.00      0.00     76.39
                all      0.03      0.00      0.24      0.00      0.00     99.74
end------
                all      0.10      0.00      0.36      0.00      0.00     99.54
                all      0.15      0.00      0.52      0.00      0.00     99.33
                all      0.11      0.00      0.45      0.00      0.00     99.43
start----
                all      0.61      0.00      7.84      0.06      0.00     91.49
                all      0.06      0.00     23.89      0.00      0.00     76.05
                all      0.05      0.00     24.24      0.00      0.00     75.71
                all      0.39      0.00     23.63      0.00      0.00     75.98
                all      0.01      0.00     23.70      0.00      0.00     76.28
                all      0.01      0.00     23.70      0.00      0.00     76.28
                all      0.60      0.00     20.22      0.00      0.00     79.18
end------
                all      0.00      0.00      0.05      0.00      0.00     99.94
                all      0.12      0.00      0.41      0.00      0.00     99.47
                all      0.13      0.00      0.44      0.01      0.00     99.42
                all      0.13      0.00      0.44      0.00      0.00     99.44
start----
                all      2.19      0.00     15.02      0.06      0.00     82.73
                all      1.03      0.00     37.80      0.00      0.00     61.18
end------
                all      0.01      0.00      0.05      0.00      0.00     99.93
                all      0.11      0.00      0.43      0.00      0.00     99.46
                all      0.11      0.00      0.45      0.00      0.00     99.44
                all      0.11      0.00      0.45      0.00      0.00     99.44
start----
                all      2.19      0.00     16.27      0.07      0.00     81.47
                all      0.95      0.00     36.04      0.00      0.00     63.01
end------
                all      0.01      0.00      0.04      0.00      0.00     99.96
                all      0.11      0.00      0.43      0.00      0.00     99.46
                all      0.12      0.00      0.44      0.03      0.00     99.41
                all      0.11      0.00      0.45      0.05      0.00     99.39
start----
                all      2.29      0.00     16.41      0.07      0.00     81.23
                all      0.96      0.00     36.58      0.00      0.00     62.46
end------
                all      0.01      0.00      0.04      0.00      0.00     99.95
                all      0.11      0.00      0.43      0.00      0.00     99.47
                all      0.12      0.00      0.45      0.02      0.00     99.41
                all      0.13      0.00      0.44      0.06      0.00     99.38
start----
                all      1.87      0.00     18.10      0.05      0.00     79.98
                all      0.41      0.00     46.21      0.00      0.00     53.38
                all      0.54      0.00     28.75      0.00      0.00     70.71
end------
                all      0.01      0.00      0.10      0.00      0.00     99.89
                all      0.13      0.00      0.45      0.00      0.00     99.42
                all      0.12      0.00      0.45      0.00      0.00     99.44
                all      0.13      0.00      0.45      0.00      0.00     99.43
start----
                all      2.12      0.00     24.90      0.08      0.00     72.90
                all      0.47      0.00     45.96      0.00      0.00     53.57
                all      0.58      0.00     22.57      0.00      0.00     76.85
end------
                all      0.03      0.00      0.11      0.00      0.00     99.86
                all      0.11      0.00      0.45      0.00      0.00     99.44
                all      0.12      0.00      0.44      0.07      0.00     99.36
start----
                all      0.10      0.00      0.42      0.00      0.00     99.48
                all      2.19      0.00     30.74      0.06      0.00     67.01
                all      0.45      0.00     45.82      0.00      0.00     53.73
                all      0.61      0.00     16.64      0.00      0.00     82.75
end------
                all      0.03      0.00      0.12      0.00      0.00     99.84
                all      0.12      0.00      0.45      0.00      0.00     99.43
                all      0.12      0.00      0.44      0.00      0.00     99.44
start----
                all      0.11      0.00      0.44      0.00      0.00     99.45
                all      2.15      0.00     27.33      0.08      0.00     70.45
                all      0.05      0.00     47.60      0.00      0.00     52.35
                all      0.51      0.00     45.39      0.00      0.00     54.10
                all      0.02      0.00     46.29      0.00      0.00     53.68
                all      0.86      0.00     10.88      0.00      0.00     88.26
end------
                all      0.06      0.00      0.23      0.00      0.00     99.70
                all      0.11      0.00      0.44      0.00      0.00     99.44
                all      0.10      0.00      0.46      0.08      0.00     99.36
start----
                all      0.34      0.00      3.66      0.03      0.00     95.97
                all      1.80      0.00     39.75      0.03      0.00     58.42
                all      0.48      0.00     46.64      0.00      0.00     52.88
                all      0.01      0.00     46.30      0.00      0.00     53.69
                all      0.77      0.00     41.45      0.00      0.00     57.78
                all      0.03      0.00      0.10      0.00      0.00     99.87
end------
                all      0.07      0.00      0.29      0.00      0.00     99.64
                all      0.12      0.00      0.44      0.00      0.00     99.44
                all      0.12      0.00      0.45      0.00      0.00     99.43
start----
                all      0.92      0.00      4.12      0.07      0.00     94.89
                all      1.30      0.00     44.15      0.02      0.00     54.54
                all      0.67      0.00     46.45      0.00      0.00     52.88
                all      0.02      0.00     46.30      0.00      0.00     53.68
                all      0.60      0.00     36.98      0.00      0.00     62.42
                all      0.03      0.00      0.07      0.00      0.00     99.91
end------
                all      0.10      0.00      0.36      0.00      0.00     99.55
                all      0.12      0.00      0.45      0.00      0.00     99.44
                all      0.12      0.00      0.44      0.07      0.00     99.37
start----
                all      1.78      0.00      7.66      0.06      0.00     90.50
                all      0.58      0.00     45.93      0.01      0.00     53.48
                all      0.05      0.00     47.80      0.00      0.00     52.16
                all      0.06      0.00     47.85      0.00      0.00     52.09
                all      0.68      0.00     44.52      0.01      0.00     54.80
                all      0.02      0.00     46.23      0.00      0.00     53.75
                all      0.02      0.00     46.25      0.00      0.00     53.73
                all      0.14      0.00     46.12      0.00      0.00     53.74
                all      1.24      0.00     15.05      0.00      0.00     83.70
end------
                all      0.03      0.00      0.09      0.00      0.00     99.89
                all      0.11      0.00      0.45      0.00      0.00     99.43
                all      0.13      0.00      0.44      0.00      0.00     99.43
start----
                all      0.13      0.00      0.42      0.00      0.00     99.45
                all      1.91      0.00     27.13      0.06      0.00     70.91
                all      0.04      0.00     47.61      0.00      0.00     52.35
                all      0.05      0.00     47.84      0.00      0.00     52.11
                all      0.61      0.00     46.33      0.00      0.00     53.06
                all      0.02      0.00     46.26      0.00      0.00     53.71
                all      0.02      0.00     46.23      0.00      0.00     53.76
                all      0.02      0.00     46.18      0.00      0.00     53.80
                all      0.78      0.00     41.36      0.00      0.00     57.87
                all      0.03      0.00      0.07      0.01      0.00     99.89
end------
                all      0.12      0.00      0.39      0.00      0.00     99.48
                all      0.14      0.00      0.43      0.00      0.00     99.43
                all      0.14      0.00      0.44      0.00      0.00     99.42
start----
                all      2.03      0.00     10.70      0.06      0.00     87.22
                all      0.05      0.00     47.35      0.00      0.00     52.60
                all      0.05      0.00     47.87      0.00      0.00     52.09
                all      0.60      0.00     47.29      0.00      0.00     52.11
                all      0.55      0.00     45.42      0.00      0.00     54.04
                all      0.02      0.00     46.26      0.00      0.00     53.72
                all      0.02      0.00     46.24      0.00      0.00     53.74
                all      0.02      0.00     46.21      0.00      0.00     53.78
                all      0.87      0.00     11.64      0.01      0.00     87.48
end------
                all      0.07      0.00      0.25      0.00      0.00     99.68
                all      0.13      0.00      0.43      0.00      0.00     99.44
                all      0.14      0.00      0.43      0.00      0.00     99.43
start----
                all      0.16      0.00      1.43      0.03      0.00     98.38
                all      9.47      0.00     47.00      0.14      0.00     43.38
                all      3.55      0.00     86.91      0.00      0.00      9.54
                all      4.35      0.00     32.65      0.00      0.00     63.00
end------
                all      0.01      0.00      0.03      0.00      0.00     99.96
                all      0.39      0.00      0.68      0.00      0.00     98.93
                all      0.54      0.00      0.61      0.00      0.00     98.85
                all      0.53      0.00      0.59      0.00      0.00     98.87
start----
                all      3.87      0.00     24.89      0.10      0.00     71.13
                all     12.79      0.00     74.61      0.06      0.00     12.54
                all      6.10      0.00     70.06      0.01      0.00     23.84
                all      0.43      0.00      0.86      0.03      0.00     98.68
end------
                all      0.23      0.00      0.35      0.00      0.00     99.42
                all      0.12      0.00      0.45      0.00      0.00     99.44
                all      0.13      0.00      0.44      0.00      0.00     99.43
start----
                all      0.14      0.00      0.83      0.03      0.00     98.99
                all     11.75      0.00     46.72      0.47      0.00     41.07
                all      4.40      0.00     83.12      0.00      0.00     12.48
                all      4.61      0.00     41.23      0.00      0.00     54.16
end------
                all      0.01      0.00      0.04      0.00      0.00     99.94
                all      0.10      0.00      0.45      0.00      0.00     99.45
                all      0.12      0.00      0.44      0.00      0.00     99.44
                all      0.12      0.00      0.45      0.00      0.00     99.43
start----
                all      3.21      0.00     15.03      0.09      0.00     81.67
                all      6.92      0.00     77.24      0.02      0.00     15.81
                all      3.11      0.00     87.72      0.00      0.00      9.17
                all      3.41      0.00     84.19      0.00      0.00     12.40
                all      2.06      0.00     22.19      0.01      0.00     75.74
end------
                all      0.03      0.00      0.10      0.00      0.00     99.88
                all      0.14      0.00      0.43      0.00      0.00     99.44
                all      0.13      0.00      0.45      0.07      0.00     99.34
start----
                all      0.12      0.00      0.42      0.00      0.00     99.46
                all      5.33      0.00     35.96      0.27      0.00     58.44
                all      4.29      0.00     86.72      0.04      0.00      8.95
                all      4.27      0.00     83.88      0.00      0.00     11.85
                all      6.17      0.00     75.56      0.00      0.00     18.27
                all      0.13      0.00      3.53      0.02      0.00     96.32
end------
                all      0.14      0.00      0.41      0.00      0.00     99.44
                all      0.22      0.00      0.63      0.00      0.00     99.15
                all      0.23      0.00      0.63      0.00      0.00     99.14
start----
                all      0.21      0.00      0.58      0.00      0.00     99.20
                all      9.41      0.00     42.76      0.19      0.00     47.63
                all      1.22      0.00     92.73      0.00      0.00      6.05
                all      2.95      0.00     83.67      0.00      0.00     13.38
                all      6.10      0.00     67.71      0.01      0.00     26.19
                all      0.08      0.00      0.46      0.07      0.00     99.39
end------
                all      0.17      0.00      0.54      0.04      0.00     99.26
                all      0.20      0.00      0.62      0.00      0.00     99.17
                all      0.22      0.00      0.64      0.00      0.00     99.14
                all      0.21      0.00      0.62      0.00      0.00     99.17
start----
                all      1.10      0.00     16.08      0.28      0.00     82.55
                all     15.07      0.00     54.89      0.11      0.00     29.92
                all      0.10      0.00     94.75      0.00      0.00      5.16
                all      2.86      0.00     89.39      0.00      0.00      7.75
                all      0.12      0.00     87.61      0.00      0.00     12.27
                all      0.11      0.00     87.49      0.00      0.00     12.40
                all      8.24      0.00     80.47      0.00      0.00     11.29
                all      0.13      0.00     10.64      0.04      0.00     89.18
end------
                all      0.11      0.00      0.53      0.05      0.00     99.31
                all      0.20      0.00      0.64      0.00      0.00     99.16
                all      0.20      0.00      0.65      0.00      0.00     99.15
                all      0.24      0.00      0.65      0.00      0.00     99.11
start----
                all      0.65      0.00      8.74      0.06      0.00     90.55
                all      9.30      0.00     50.39      0.11      0.00     40.19
                all      0.11      0.00     94.75      0.00      0.00      5.14
                all      2.68      0.00     89.93      0.00      0.00      7.39
                all      0.20      0.00     88.30      0.00      0.00     11.51
                all      0.09      0.00     87.53      0.00      0.00     12.38
                all      8.86      0.00     80.00      0.01      0.00     11.13
                all      0.46      0.00     20.53      0.00      0.00     79.01
end------
                all      0.09      0.00      0.54      0.10      0.00     99.27
                all      0.24      0.00      0.62      0.00      0.00     99.14
                all      0.20      0.00      0.60      0.00      0.00     99.19
                all      0.22      0.00      0.63      0.00      0.00     99.15
start----
                all      0.21      0.00      0.81      0.02      0.00     98.95
                all     14.47      0.00     41.04      0.13      0.00     44.36
                all      0.28      0.00     92.34      0.00      0.00      7.38
                all      0.69      0.00     94.33      0.00      0.00      4.98
                all      3.91      0.00     81.74      0.00      0.00     14.35
                all      0.11      0.00     87.57      0.00      0.00     12.33
                all      0.53      0.00     87.10      0.00      0.00     12.37
                all      4.82      0.00     30.05      0.05      0.00     65.08
end------
                all      0.01      0.00      0.25      0.04      0.00     99.70
                all      0.14      0.00      0.42      0.00      0.00     99.43
                all      0.14      0.00      0.42      0.00      0.00     99.44
                all      0.14      0.00      0.42      0.00      0.00     99.44
start----
                all      0.14      0.00      1.48      0.04      0.00     98.33
                all      9.18      0.00     48.10      0.39      0.00     42.33
                all      0.04      0.00     94.47      0.00      0.00      5.48
                all      0.04      0.00     94.81      0.00      0.00      5.14
                all      0.05      0.00     94.83      0.00      0.00      5.12
                all      1.23      0.00     93.63      0.00      0.00      5.14
                all      3.01      0.00     81.26      0.00      0.00     15.73
                all      0.06      0.00     87.29      0.00      0.00     12.65
                all      0.06      0.00     87.15      0.00      0.00     12.79
                all      0.04      0.00     87.29      0.00      0.00     12.67
                all      0.05      0.00     87.13      0.00      0.00     12.81
                all      0.81      0.00     86.64      0.00      0.00     12.55
                all      4.30      0.00     30.14      0.00      0.00     65.56
end------
                all      0.02      0.00      0.06      0.01      0.00     99.91
                all      0.13      0.00      0.41      0.00      0.00     99.47
                all      0.13      0.00      0.43      0.00      0.00     99.44
                all      0.14      0.00      0.44      0.00      0.00     99.42
start----
                all      1.99      0.00     11.48      0.06      0.00     86.47
                all      7.79      0.00     75.81      0.12      0.00     16.28
                all      0.07      0.00     94.48      0.00      0.00      5.45
                all      0.08      0.00     94.79      0.00      0.00      5.13
                all      0.13      0.00     95.14      0.00      0.00      4.73
                all      6.51      0.00     84.99      0.02      0.00      8.48
                all      0.05      0.00     87.34      0.00      0.00     12.61
                all      0.05      0.00     87.37      0.00      0.00     12.58
                all      0.04      0.00     87.21      0.00      0.00     12.76
                all      0.05      0.00     87.28      0.00      0.00     12.67
                all      0.05      0.00     87.29      0.00      0.00     12.65
                all      7.50      0.00     79.10      0.00      0.00     13.40
                all      0.06      0.00      5.68      0.01      0.00     94.25
end------
                all      0.03      0.00      0.11      0.00      0.00     99.86
                all      0.14      0.00      0.42      0.00      0.00     99.43
                all      0.15      0.00      0.42      0.07      0.00     99.35
start----
                all      0.14      0.00      0.39      0.00      0.00     99.47
                all      5.41      0.00     36.30      0.38      0.00     57.91
                all      4.29      0.00     86.31      0.03      0.00      9.36
                all      0.06      0.00     94.73      0.00      0.00      5.21
                all      0.05      0.00     94.84      0.00      0.00      5.12
                all      0.07      0.00     94.83      0.00      0.00      5.10
                all      4.04      0.00     83.37      0.00      0.00     12.59
                all      0.04      0.00     87.33      0.01      0.00     12.62
                all      0.13      0.00     87.79      0.01      0.00     12.07
                all      0.08      0.00     87.46      0.00      0.00     12.46
                all      0.04      0.00     87.06      0.00      0.00     12.90
                all      0.08      0.00     87.30      0.00      0.00     12.62
                all      5.47      0.00     44.75      0.00      0.00     49.77
                all      0.03      0.00      0.07      0.00      0.00     99.89
end------
                all      0.10      0.00      0.32      0.00      0.00     99.58
                all      0.14      0.00      0.43      0.00      0.00     99.43
                all      0.15      0.00      0.42      0.00      0.00     99.44
End of data collecting unexpected
