
Linux 5.2.8200225+ (knl03.kisti.re.kr) 	2020년 04월 04일 	_x86_64_	(272 CPU)

                CPU     %user     %nice   %system   %iowait    %steal     %idle
                all      0.03      0.00      0.09      0.00      0.00     99.87
                all      0.03      0.00      0.08      0.15      0.00     99.74
                all      0.01      0.00      0.08      0.37      0.00     99.53
                all      0.02      0.00      0.07      0.37      0.00     99.55
                all      0.04      0.00      0.14      0.06      0.00     99.77
                all      0.04      0.00      0.13      0.25      0.00     99.58
                all      0.03      0.00      0.11      0.06      0.00     99.81
                all      0.03      0.00      0.11      0.00      0.00     99.86
                all      0.08      0.00      0.20      0.07      0.00     99.64
                all      0.01      0.00      0.21      0.01      0.00     99.77
                all      0.01      0.00      0.07      0.00      0.00     99.91
                all      0.01      0.00      0.07      0.00      0.00     99.91
start----
                all      0.07      0.00      0.48      0.02      0.00     99.43
                all      0.05      0.00      2.98      0.00      0.00     96.97
                all      0.03      0.00      0.11      0.01      0.00     99.86
                all      0.02      0.00      0.08      0.00      0.00     99.90
                all      0.01      0.00      0.07      0.00      0.00     99.92
                all      0.01      0.00      0.08      0.00      0.00     99.90
                all      0.08      0.00      1.39      0.02      0.00     98.51
                all      0.04      0.00      2.01      0.00      0.00     97.95
end------
                all      0.04      0.00      0.14      0.00      0.00     99.83
                all      0.12      0.00      0.45      0.00      0.00     99.43
                all      0.11      0.00      0.47      0.00      0.00     99.42
start----
                all      0.11      0.00      0.43      0.00      0.00     99.46
                all      0.09      0.00      2.42      0.01      0.00     97.47
                all      0.04      0.00      0.96      0.01      0.00     99.00
end------
                all      0.06      0.00      0.31      0.00      0.00     99.63
                all      0.12      0.00      0.45      0.00      0.00     99.43
                all      0.11      0.00      0.47      0.00      0.00     99.42
start----
                all      0.14      0.00      0.72      0.02      0.00     99.13
                all      0.03      0.00      3.01      0.00      0.00     96.96
                all      0.03      0.00      3.01      0.00      0.00     96.96
                all      0.05      0.00      0.20      0.00      0.00     99.75
end------
                all      0.10      0.00      0.37      0.00      0.00     99.53
                all      0.11      0.00      0.46      0.00      0.00     99.42
                all      0.10      0.00      0.47      0.08      0.00     99.35
start----
                all      0.12      0.00      1.38      0.02      0.00     98.48
                all      0.03      0.00      3.00      0.00      0.00     96.97
                all      0.05      0.00      2.29      0.00      0.00     97.66
end------
                all      0.01      0.00      0.04      0.00      0.00     99.94
                all      0.11      0.00      0.44      0.00      0.00     99.45
                all      0.11      0.00      0.46      0.00      0.00     99.42
                all      0.12      0.00      0.46      0.00      0.00     99.42
start----
                all      0.10      0.00      1.63      0.02      0.00     98.24
                all      0.04      0.00      3.00      0.00      0.00     96.96
                all      0.06      0.00      2.02      0.00      0.00     97.92
end------
                all      0.02      0.00      0.09      0.00      0.00     99.89
                all      0.11      0.00      0.45      0.00      0.00     99.44
                all      0.11      0.00      0.46      0.00      0.00     99.43
start----
                all      0.10      0.00      0.44      0.00      0.00     99.45
                all      0.07      0.00      2.45      0.01      0.00     97.47
                all      0.03      0.00      3.11      0.00      0.00     96.86
                all      0.04      0.00      3.61      0.00      0.00     96.36
                all      0.03      0.00      3.09      0.00      0.00     96.88
                all      0.09      0.00      1.85      0.00      0.00     98.06
end------
                all      0.02      0.00      0.11      0.00      0.00     99.87
                all      0.11      0.00      0.46      0.00      0.00     99.42
                all      0.13      0.00      0.45      0.08      0.00     99.34
start----
                all      0.11      0.00      0.42      0.00      0.00     99.47
                all      0.08      0.00      2.52      0.01      0.00     97.38
                all      0.03      0.00      3.11      0.00      0.00     96.85
                all      0.03      0.00      3.58      0.00      0.00     96.38
                all      0.04      0.00      3.06      0.00      0.00     96.90
                all      0.08      0.00      1.64      0.00      0.00     98.28
end------
                all      0.07      0.00      0.26      0.00      0.00     99.67
                all      0.12      0.00      0.46      0.00      0.00     99.42
                all      0.11      0.00      0.47      0.00      0.00     99.42
start----
                all      0.10      0.00      0.42      0.00      0.00     99.48
                all      0.08      0.00      2.70      0.02      0.00     97.20
                all      0.03      0.00      3.14      0.00      0.00     96.82
                all      0.05      0.00      3.50      0.00      0.00     96.45
                all      0.04      0.00      3.04      0.00      0.00     96.92
                all      0.18      0.00      1.53      0.00      0.00     98.29
end------
                all      0.03      0.00      0.10      0.00      0.00     99.87
                all      0.11      0.00      0.46      0.00      0.00     99.43
                all      0.11      0.00      0.46      0.00      0.00     99.42
                all      0.11      0.00      0.46      0.00      0.00     99.42
start----
                all      0.08      0.00      2.12      0.02      0.00     97.78
                all      0.03      0.00      3.02      0.00      0.00     96.95
                all      0.03      0.00      3.57      0.00      0.00     96.40
                all      0.03      0.00      3.58      0.00      0.00     96.40
                all      0.04      0.00      3.62      0.00      0.00     96.34
                all      0.03      0.00      2.89      0.69      0.00     96.39
                all      0.03      0.00      1.74      1.81      0.00     96.42
                all      0.17      0.00      2.80      0.23      0.00     96.80
                all      0.01      0.00      3.01      0.00      0.00     96.97
                all      0.01      0.00      3.02      0.00      0.00     96.97
                all      0.25      0.00      0.51      0.00      0.00     99.24
end------
                all      0.04      0.00      0.19      0.00      0.00     99.76
                all      0.11      0.00      0.46      0.00      0.00     99.42
                all      0.11      0.00      0.46      0.08      0.00     99.35
start----
                all      0.11      0.00      0.44      0.02      0.00     99.43
                all      0.06      0.00      2.98      0.00      0.00     96.96
                all      0.03      0.00      3.14      0.00      0.00     96.83
                all      0.03      0.00      3.58      0.00      0.00     96.39
                all      0.03      0.00      3.58      0.00      0.00     96.39
                all      0.04      0.00      3.61      0.00      0.00     96.36
                all      0.03      0.00      2.44      1.13      0.00     96.40
                all      0.26      0.00      1.98      1.25      0.00     96.51
                all      0.01      0.00      3.06      0.00      0.00     96.92
                all      0.01      0.00      3.01      0.00      0.00     96.97
                all      0.38      0.00      2.32      0.00      0.00     97.30
                all      0.01      0.00      0.05      0.00      0.00     99.94
end------
                all      0.11      0.00      0.42      0.00      0.00     99.46
                all      0.11      0.00      0.46      0.04      0.00     99.40
                all      0.10      0.00      0.47      0.05      0.00     99.38
start----
                all      0.09      0.00      1.82      0.02      0.00     98.07
                all      0.03      0.00      3.02      0.00      0.00     96.95
                all      0.03      0.00      3.44      0.00      0.00     96.53
                all      0.04      0.00      3.53      0.00      0.00     96.43
                all      0.03      0.00      3.49      0.00      0.00     96.47
                all      0.03      0.00      3.22      0.31      0.00     96.44
                all      0.13      0.00      1.78      1.55      0.00     96.54
                all      0.04      0.00      3.04      0.00      0.00     96.92
                all      0.01      0.00      3.02      0.00      0.00     96.97
                all      0.13      0.00      2.91      0.00      0.00     96.96
                all      0.09      0.00      0.12      0.01      0.00     99.78
end------
                all      0.07      0.00      0.30      0.00      0.00     99.63
                all      0.12      0.00      0.45      0.00      0.00     99.43
                all      0.12      0.00      0.46      0.07      0.00     99.36
start----
                all      0.20      0.00      1.37      0.03      0.00     98.40
                all      0.07      0.00      4.46      0.00      0.00     95.46
end------
                all      0.01      0.00      0.08      0.00      0.00     99.90
                all      0.11      0.00      0.46      0.00      0.00     99.43
                all      0.11      0.00      0.47      0.08      0.00     99.34
                all      0.16      0.00      0.54      0.00      0.00     99.30
start----
                all      0.24      0.00      4.36      0.03      0.00     95.37
                all      0.04      0.00      1.43      0.00      0.00     98.53
end------
                all      0.07      0.00      0.29      0.00      0.00     99.64
                all      0.13      0.00      0.45      0.00      0.00     99.43
                all      0.11      0.00      0.46      0.00      0.00     99.44
start----
                all      0.18      0.00      1.31      0.03      0.00     98.48
                all      0.05      0.00      4.52      0.00      0.00     95.42
end------
                all      0.01      0.00      0.07      0.00      0.00     99.91
                all      0.11      0.00      0.46      0.00      0.00     99.43
                all      0.12      0.00      0.45      0.00      0.00     99.42
                all      0.11      0.00      0.46      0.00      0.00     99.43
start----
                all      0.15      0.00      4.11      0.02      0.00     95.72
                all      0.05      0.00      5.94      0.00      0.00     94.01
                all      0.05      0.00      0.85      0.00      0.00     99.10
end------
                all      0.09      0.00      0.32      0.00      0.00     99.59
                all      0.11      0.00      0.46      0.00      0.00     99.43
                all      0.12      0.00      0.46      0.07      0.00     99.34
start----
                all      0.17      0.00      2.07      0.01      0.00     97.76
                all      0.05      0.00      5.93      0.00      0.00     94.02
                all      0.05      0.00      3.06      0.00      0.00     96.89
end------
                all      0.03      0.00      0.17      0.00      0.00     99.79
                all      0.12      0.00      0.46      0.00      0.00     99.42
                all      0.12      0.00      0.45      0.00      0.00     99.43
start----
                all      0.13      0.00      0.48      0.01      0.00     99.38
                all      0.13      0.00      5.43      0.02      0.00     94.42
                all      0.08      0.00      5.33      0.00      0.00     94.59
end------
                all      0.01      0.00      0.05      0.00      0.00     99.94
                all      0.11      0.00      0.42      0.00      0.00     99.47
                all      0.11      0.00      0.46      0.03      0.00     99.40
                all      0.11      0.00      0.46      0.05      0.00     99.38
start----
                all      0.14      0.00      3.30      0.03      0.00     96.53
                all      0.04      0.00      6.08      0.00      0.00     93.88
                all      0.14      0.00      6.27      0.00      0.00     93.59
                all      0.02      0.00      6.02      0.00      0.00     93.96
                all      0.45      0.00      0.74      0.00      0.00     98.80
end------
                all      0.09      0.00      0.34      0.00      0.00     99.57
                all      0.12      0.00      0.46      0.00      0.00     99.42
                all      0.11      0.00      0.46      0.00      0.00     99.42
start----
                all      0.20      0.00      1.61      0.01      0.00     98.18
                all      0.05      0.00      5.95      0.00      0.00     94.00
                all      0.14      0.00      6.34      0.00      0.00     93.53
                all      0.01      0.00      6.06      0.00      0.00     93.92
                all      0.48      0.00      2.54      0.00      0.00     96.98
end------
                all      0.02      0.00      0.11      0.00      0.00     99.87
                all      0.11      0.00      0.46      0.00      0.00     99.43
                all      0.11      0.00      0.46      0.00      0.00     99.42
start----
                all      0.11      0.00      0.46      0.00      0.00     99.43
                all      0.14      0.00      4.57      0.01      0.00     95.28
                all      0.04      0.00      6.23      0.00      0.00     93.73
                all      0.11      0.00      6.09      0.00      0.00     93.79
                all      0.38      0.00      5.19      0.00      0.00     94.43
                all      0.03      0.00      0.08      0.00      0.00     99.89
end------
                all      0.07      0.00      0.34      0.00      0.00     99.59
                all      0.12      0.00      0.45      0.00      0.00     99.43
                all      0.11      0.00      0.46      0.07      0.00     99.35
start----
                all      0.18      0.00      1.98      0.03      0.00     97.82
                all      0.05      0.00      5.99      0.00      0.00     93.96
                all      0.03      0.00      6.48      0.00      0.00     93.49
                all      0.03      0.00      6.57      0.00      0.00     93.39
                all      0.06      0.00      3.84      2.73      0.00     93.36
                all      0.65      0.00      3.26      2.46      0.00     93.63
                all      0.01      0.00      6.02      0.00      0.00     93.97
                all      0.01      0.00      5.97      0.00      0.00     94.01
                all      0.39      0.00      4.91      0.00      0.00     94.70
                all      0.02      0.00      0.08      0.01      0.00     99.89
end------
                all      0.09      0.00      0.35      0.00      0.00     99.55
                all      0.13      0.00      0.45      0.00      0.00     99.42
                all      0.10      0.00      0.46      0.00      0.00     99.44
start----
                all      0.17      0.00      2.25      0.03      0.00     97.55
                all      0.04      0.00      6.00      0.00      0.00     93.96
                all      0.03      0.00      6.50      0.00      0.00     93.47
                all      0.03      0.00      6.53      0.00      0.00     93.43
                all      0.03      0.00      3.58      2.75      0.00     93.63
                all      0.83      0.00      3.31      2.10      0.00     93.76
                all      0.02      0.00      6.02      0.00      0.00     93.97
                all      0.01      0.00      5.97      0.00      0.00     94.02
                all      0.31      0.00      4.70      0.00      0.00     94.99
                all      0.02      0.00      0.07      0.00      0.00     99.91
end------
                all      0.10      0.00      0.39      0.00      0.00     99.52
                all      0.11      0.00      0.46      0.00      0.00     99.44
                all      0.11      0.00      0.46      0.00      0.00     99.42
start----
                all      0.17      0.00      2.57      0.03      0.00     97.22
                all      0.04      0.00      6.02      0.00      0.00     93.94
                all      0.04      0.00      6.46      0.00      0.00     93.51
                all      0.04      0.00      6.46      0.00      0.00     93.50
                all      0.03      0.00      3.39      2.98      0.00     93.61
                all      0.42      0.00      4.11      1.71      0.00     93.76
                all      0.01      0.00      5.97      0.00      0.00     94.02
                all      0.01      0.00      5.98      0.00      0.00     94.01
                all      0.35      0.00      3.67      0.00      0.00     95.98
end------
                all      0.01      0.00      0.04      0.00      0.00     99.96
                all      0.11      0.00      0.44      0.00      0.00     99.45
                all      0.12      0.00      0.45      0.04      0.00     99.39
                all      0.11      0.00      0.47      0.04      0.00     99.38
start----
                all      0.34      0.00      6.64      0.02      0.00     93.00
                all      0.05      0.00      4.73      0.01      0.00     95.21
end------
                all      0.06      0.00      0.24      0.00      0.00     99.70
                all      0.10      0.00      0.46      0.00      0.00     99.44
                all      0.13      0.00      0.44      0.00      0.00     99.43
start----
                all      0.15      0.00      0.86      0.03      0.00     98.96
                all      0.29      0.00     10.56      0.00      0.00     89.14
end------
                all      0.01      0.00      0.05      0.00      0.00     99.93
                all      0.12      0.00      0.42      0.00      0.00     99.46
                all      0.11      0.00      0.45      0.00      0.00     99.44
                all      0.11      0.00      0.45      0.00      0.00     99.44
start----
                all      0.25      0.00      5.62      0.02      0.00     94.11
                all      0.11      0.00      5.66      0.00      0.00     94.23
end------
                all      0.05      0.00      0.20      0.00      0.00     99.75
                all      0.10      0.00      0.46      0.00      0.00     99.44
                all      0.12      0.00      0.45      0.00      0.00     99.43
start----
                all      0.11      0.00      0.39      0.00      0.00     99.49
                all      0.26      0.00     10.95      0.02      0.00     88.77
                all      0.17      0.00     10.51      0.00      0.00     89.32
end------
                all      0.00      0.00      0.05      0.00      0.00     99.94
                all      0.11      0.00      0.43      0.00      0.00     99.46
                all      0.11      0.00      0.45      0.03      0.00     99.41
                all      0.12      0.00      0.46      0.04      0.00     99.38
start----
                all      0.28      0.00      6.01      0.03      0.00     93.68
                all      0.07      0.00     11.80      0.00      0.00     88.12
                all      0.10      0.00      3.72      0.00      0.00     96.18
end------
                all      0.06      0.00      0.26      0.00      0.00     99.69
                all      0.12      0.00      0.45      0.00      0.00     99.44
                all      0.12      0.00      0.46      0.07      0.00     99.36
start----
                all      0.30      0.00      1.55      0.03      0.00     98.12
                all      0.12      0.00     11.77      0.00      0.00     88.11
                all      0.07      0.00      8.33      0.00      0.00     91.60
end------
                all      0.01      0.00      0.08      0.00      0.00     99.91
                all      0.11      0.00      0.46      0.00      0.00     99.44
                all      0.11      0.00      0.46      0.00      0.00     99.42
                all      0.12      0.00      0.45      0.00      0.00     99.43
start----
                all      0.25      0.00      8.08      0.02      0.00     91.64
                all      0.04      0.00     12.13      0.00      0.00     87.83
                all      0.29      0.00     11.84      0.00      0.00     87.87
                all      0.21      0.00     11.03      0.00      0.00     88.76
end------
                all      0.01      0.00      0.05      0.00      0.00     99.93
                all      0.11      0.00      0.43      0.00      0.00     99.46
                all      0.11      0.00      0.47      0.00      0.00     99.42
                all      0.12      0.00      0.45      0.00      0.00     99.43
start----
                all      0.28      0.00      5.52      0.04      0.00     94.16
                all      0.04      0.00     12.02      0.00      0.00     87.94
                all      0.07      0.00     12.17      0.01      0.00     87.75
                all      0.01      0.00     11.87      0.00      0.00     88.12
                all      0.22      0.00      1.34      0.00      0.00     98.44
end------
                all      0.05      0.00      0.24      0.00      0.00     99.70
                all      0.11      0.00      0.45      0.00      0.00     99.43
                all      0.12      0.00      0.45      0.08      0.00     99.35
start----
                all      0.32      0.00      1.31      0.02      0.00     98.35
                all      0.04      0.00     11.85      0.00      0.00     88.12
                all      0.08      0.00     12.29      0.00      0.00     87.62
                all      0.01      0.00     11.90      0.01      0.00     88.08
                all      0.24      0.00      5.75      0.01      0.00     94.00
end------
                all      0.03      0.00      0.18      0.00      0.00     99.79
                all      0.11      0.00      0.45      0.00      0.00     99.43
                all      0.11      0.00      0.45      0.07      0.00     99.37
start----
                all      0.10      0.00      0.41      0.01      0.00     99.49
                all      0.26      0.00     10.49      0.02      0.00     89.22
                all      0.04      0.00     12.25      0.00      0.00     87.72
                all      0.03      0.00     12.41      0.00      0.00     87.55
                all      0.03      0.00     12.45      0.00      0.00     87.51
                all      1.20      0.00     10.56      0.39      0.00     87.85
                all      0.01      0.00     11.87      0.00      0.00     88.12
                all      0.02      0.00     11.88      0.00      0.00     88.10
                all      0.54      0.00      5.09      0.00      0.00     94.37
end------
                all      0.03      0.00      0.13      0.00      0.00     99.85
                all      0.10      0.00      0.46      0.00      0.00     99.44
                all      0.12      0.00      0.45      0.00      0.00     99.43
start----
                all      0.11      0.00      0.45      0.00      0.00     99.43
                all      0.26      0.00      8.74      0.01      0.00     90.99
                all      0.04      0.00     12.15      0.00      0.00     87.80
                all      0.04      0.00     12.41      0.00      0.00     87.55
                all      0.03      0.00     12.45      0.00      0.00     87.51
                all      0.48      0.00     10.88      0.78      0.00     87.86
                all      0.01      0.00     11.88      0.00      0.00     88.11
                all      0.01      0.00     11.88      0.00      0.00     88.11
                all      0.33      0.00      6.18      0.01      0.00     93.48
end------
                all      0.03      0.00      0.15      0.00      0.00     99.82
                all      0.12      0.00      0.46      0.00      0.00     99.42
                all      0.11      0.00      0.45      0.07      0.00     99.36
start----
                all      0.11      0.00      0.42      0.00      0.00     99.47
                all      0.27      0.00     10.08      0.03      0.00     89.62
                all      0.07      0.00     12.29      0.00      0.00     87.65
                all      0.03      0.00     12.45      0.00      0.00     87.51
                all      0.04      0.00     12.43      0.00      0.00     87.53
                all      0.89      0.00     10.48      0.76      0.00     87.87
                all      0.02      0.00     11.88      0.00      0.00     88.10
                all      0.02      0.00     11.87      0.00      0.00     88.11
                all      0.26      0.00      5.42      0.01      0.00     94.31
end------
                all      0.04      0.00      0.18      0.00      0.00     99.78
                all      0.11      0.00      0.45      0.00      0.00     99.44
                all      0.11      0.00      0.45      0.00      0.00     99.44
start----
                all      0.10      0.00      0.41      0.00      0.00     99.48
                all      0.72      0.00     20.07      0.04      0.00     79.17
                all      0.12      0.00      2.38      0.00      0.00     97.50
end------
                all      0.09      0.00      0.34      0.00      0.00     99.58
                all      0.11      0.00      0.45      0.00      0.00     99.44
                all      0.11      0.00      0.46      0.00      0.00     99.43
start----
                all      0.70      0.00      5.74      0.04      0.00     93.51
                all      0.30      0.00     16.69      0.00      0.00     83.00
end------
                all      0.01      0.00      0.07      0.00      0.00     99.91
                all      0.11      0.00      0.45      0.00      0.00     99.44
                all      0.11      0.00      0.46      0.08      0.00     99.35
                all      0.12      0.00      0.44      0.00      0.00     99.44
start----
                all      0.73      0.00     14.28      0.06      0.00     84.94
                all      0.13      0.00      8.32      0.00      0.00     91.55
end------
                all      0.05      0.00      0.23      0.00      0.00     99.72
                all      0.12      0.00      0.45      0.00      0.00     99.44
                all      0.13      0.00      0.45      0.08      0.00     99.34
start----
                all      0.22      0.00      1.37      0.04      0.00     98.37
                all      0.48      0.00     22.19      0.01      0.00     77.31
                all      0.29      0.00     19.02      0.00      0.00     80.69
end------
                all      0.00      0.00      0.02      0.00      0.00     99.97
                all      0.12      0.00      0.45      0.00      0.00     99.43
                all      0.12      0.00      0.45      0.04      0.00     99.38
                all      0.11      0.00      0.45      0.03      0.00     99.41
start----
                all      0.65      0.00     12.13      0.05      0.00     87.18
                all      0.15      0.00     23.54      0.00      0.00     76.31
                all      0.12      0.00      6.98      0.01      0.00     92.89
end------
                all      0.05      0.00      0.27      0.00      0.00     99.67
                all      0.11      0.00      0.46      0.00      0.00     99.43
                all      0.11      0.00      0.45      0.00      0.00     99.43
start----
                all      0.36      0.00      1.78      0.04      0.00     97.83
                all      0.43      0.00     23.08      0.01      0.00     76.48
                all      0.13      0.00     17.69      0.00      0.00     82.18
end------
                all      0.01      0.00      0.05      0.00      0.00     99.93
                all      0.11      0.00      0.45      0.00      0.00     99.44
                all      0.11      0.00      0.46      0.00      0.00     99.43
                all      0.13      0.00      0.46      0.00      0.00     99.42
start----
                all      0.66      0.00     13.96      0.04      0.00     85.33
                all      0.03      0.00     23.89      0.00      0.00     76.08
                all      0.71      0.00     23.10      0.00      0.00     76.19
                all      0.39      0.00     23.28      0.00      0.00     76.34
                all      0.03      0.00      0.31      0.00      0.00     99.66
end------
                all      0.07      0.00      0.31      0.00      0.00     99.63
                all      0.13      0.00      0.44      0.00      0.00     99.44
                all      0.11      0.00      0.46      0.07      0.00     99.36
start----
                all      0.68      0.00      3.16      0.05      0.00     96.12
                all      0.04      0.00     23.66      0.00      0.00     76.30
                all      0.63      0.00     23.55      0.00      0.00     75.82
                all      0.02      0.00     23.71      0.00      0.00     76.27
                all      0.22      0.00     10.63      0.00      0.00     89.15
end------
                all      0.07      0.00      0.26      0.00      0.00     99.67
                all      0.12      0.00      0.44      0.00      0.00     99.44
                all      0.11      0.00      0.45      0.00      0.00     99.43
start----
                all      0.10      0.00      0.40      0.00      0.00     99.49
                all      0.60      0.00     20.70      0.05      0.00     78.64
                all      0.03      0.00     24.06      0.00      0.00     75.90
                all      0.66      0.00     23.15      0.00      0.00     76.19
                all      0.26      0.00     16.06      0.00      0.00     83.68
                all      0.01      0.00      0.06      0.00      0.00     99.93
end------
                all      0.11      0.00      0.42      0.00      0.00     99.48
                all      0.11      0.00      0.44      0.02      0.00     99.43
                all      0.12      0.00      0.45      0.04      0.00     99.39
start----
                all      0.64      0.00     10.33      0.05      0.00     88.97
                all      0.04      0.00     23.80      0.00      0.00     76.16
                all      0.04      0.00     24.21      0.00      0.00     75.75
                all      0.04      0.00     24.23      0.00      0.00     75.73
                all      1.76      0.00     22.25      0.00      0.00     75.99
                all      0.02      0.00     23.69      0.00      0.00     76.30
                all      0.02      0.00     23.70      0.00      0.00     76.29
                all      0.28      0.00     17.09      0.01      0.00     82.63
end------
                all      0.01      0.00      0.04      0.00      0.00     99.95
                all      0.11      0.00      0.45      0.00      0.00     99.43
                all      0.12      0.00      0.45      0.07      0.00     99.35
                all      0.11      0.00      0.45      0.00      0.00     99.43
start----
                all      0.62      0.00     13.86      0.04      0.00     85.48
                all      0.04      0.00     23.89      0.00      0.00     76.07
                all      0.03      0.00     24.24      0.00      0.00     75.73
                all      0.05      0.00     24.20      0.00      0.00     75.75
                all      1.70      0.00     22.34      0.00      0.00     75.96
                all      0.02      0.00     23.69      0.00      0.00     76.29
                all      0.01      0.00     23.69      0.00      0.00     76.30
                all      0.59      0.00     13.10      0.00      0.00     86.31
end------
                all      0.01      0.00      0.06      0.00      0.00     99.93
                all      0.12      0.00      0.44      0.00      0.00     99.44
                all      0.11      0.00      0.45      0.00      0.00     99.44
                all      0.12      0.00      0.45      0.00      0.00     99.43
start----
                all      0.62      0.00     12.64      0.06      0.00     86.67
                all      0.04      0.00     23.84      0.00      0.00     76.11
                all      0.03      0.00     24.24      0.00      0.00     75.73
                all      0.03      0.00     24.22      0.00      0.00     75.74
                all      1.89      0.00     22.05      0.00      0.00     76.06
                all      0.02      0.00     23.68      0.00      0.00     76.30
                all      0.01      0.00     23.69      0.00      0.00     76.30
                all      0.33      0.00     14.34      0.00      0.00     85.33
end------
                all      0.01      0.00      0.04      0.00      0.00     99.95
                all      0.10      0.00      0.46      0.00      0.00     99.44
                all      0.13      0.00      0.45      0.00      0.00     99.42
                all      0.12      0.00      0.45      0.00      0.00     99.44
start----
                all      2.24      0.00     18.11      0.07      0.00     79.58
                all      0.95      0.00     43.00      0.00      0.00     56.06
                all      0.02      0.00      0.08      0.00      0.00     99.89
end------
                all      0.09      0.00      0.36      0.00      0.00     99.55
                all      0.13      0.00      0.44      0.00      0.00     99.44
                all      0.12      0.00      0.45      0.08      0.00     99.35
start----
                all      2.14      0.00     10.60      0.08      0.00     87.18
                all      0.49      0.00     46.13      0.00      0.00     53.38
                all      0.51      0.00      4.70      0.00      0.00     94.78
end------
                all      0.07      0.00      0.29      0.00      0.00     99.64
                all      0.11      0.00      0.45      0.00      0.00     99.44
                all      0.13      0.00      0.45      0.01      0.00     99.41
start----
                all      0.79      0.00      4.33      0.04      0.00     94.84
                all      3.06      0.00     41.69      0.03      0.00     55.22
                all      0.49      0.00     16.20      0.00      0.00     83.31
end------
                all      0.04      0.00      0.18      0.00      0.00     99.78
                all      0.11      0.00      0.45      0.00      0.00     99.44
                all      0.12      0.00      0.45      0.08      0.00     99.35
start----
                all      0.11      0.00      0.40      0.00      0.00     99.48
                all      1.92      0.00     37.06      0.09      0.00     60.93
                all      0.45      0.00     46.11      0.00      0.00     53.44
                all      0.52      0.00     27.19      0.00      0.00     72.29
end------
                all      0.03      0.00      0.11      0.00      0.00     99.87
                all      0.13      0.00      0.45      0.00      0.00     99.42
                all      0.12      0.00      0.45      0.00      0.00     99.43
                all      0.11      0.00      0.45      0.00      0.00     99.44
start----
                all      2.27      0.00     24.78      0.05      0.00     72.90
                all      0.48      0.00     46.43      0.00      0.00     53.09
                all      0.52      0.00     39.96      0.00      0.00     59.52
                all      0.03      0.00      0.08      0.00      0.00     99.89
end------
                all      0.08      0.00      0.29      0.00      0.00     99.63
                all      0.13      0.00      0.43      0.00      0.00     99.44
                all      0.13      0.00      0.44      0.07      0.00     99.37
start----
                all      1.23      0.00      5.76      0.07      0.00     92.95
                all      1.04      0.00     45.54      0.02      0.00     53.40
                all      0.45      0.00     45.87      0.00      0.00     53.68
                all      0.55      0.00     14.04      0.00      0.00     85.41
end------
                all      0.03      0.00      0.16      0.00      0.00     99.81
                all      0.11      0.00      0.46      0.00      0.00     99.42
                all      0.11      0.00      0.45      0.00      0.00     99.44
start----
                all      0.12      0.00      0.41      0.00      0.00     99.47
                all      2.25      0.00     30.28      0.07      0.00     67.40
                all      0.04      0.00     47.38      0.00      0.00     52.57
                all      0.49      0.00     46.47      0.00      0.00     53.04
                all      0.02      0.00     46.23      0.00      0.00     53.75
                all      0.98      0.00     43.09      0.00      0.00     55.93
                all      0.02      0.00      0.08      0.00      0.00     99.89
end------
                all      0.10      0.00      0.40      0.00      0.00     99.49
                all      0.12      0.00      0.45      0.00      0.00     99.43
                all      0.12      0.00      0.45      0.00      0.00     99.43
start----
                all      2.21      0.00     10.12      0.07      0.00     87.61
                all      0.05      0.00     47.23      0.00      0.00     52.72
                all      0.04      0.00     47.68      0.00      0.00     52.28
                all      0.57      0.00     45.73      0.00      0.00     53.71
                all      0.02      0.00     46.23      0.00      0.00     53.76
                all      0.65      0.00     16.17      0.00      0.00     83.17
end------
                all      0.10      0.00      0.33      0.01      0.00     99.56
                all      0.22      0.00      0.65      0.00      0.00     99.12
                all      0.14      0.00      0.48      0.01      0.00     99.37
start----
                all      0.14      0.00      0.56      0.07      0.00     99.22
                all      2.01      0.00     37.36      0.10      0.00     60.53
                all      0.04      0.00     47.45      0.00      0.00     52.51
                all      0.49      0.00     46.50      0.08      0.00     52.93
                all      0.06      0.00     46.46      0.08      0.00     53.40
                all      0.75      0.00     37.10      0.00      0.00     62.15
end------
                all      0.01      0.00      0.11      0.01      0.00     99.87
                all      0.12      0.00      0.42      0.00      0.00     99.47
                all      0.13      0.00      0.44      0.00      0.00     99.43
                all      0.13      0.00      0.45      0.00      0.00     99.42
start----
                all      2.17      0.00      9.76      0.09      0.00     87.99
                all      0.05      0.00     47.26      0.00      0.00     52.70
                all      0.07      0.00     47.71      0.00      0.00     52.22
                all      0.05      0.00     47.84      0.00      0.00     52.11
                all      0.07      0.00     48.02      0.00      0.00     51.90
                all      1.09      0.00     45.60      0.00      0.00     53.30
                all      0.02      0.00     46.24      0.00      0.00     53.74
                all      0.02      0.00     46.25      0.00      0.00     53.73
                all      0.02      0.00     46.22      0.00      0.00     53.76
                all      0.86      0.00     34.09      0.00      0.00     65.05
end------
                all      0.01      0.00      0.04      0.00      0.00     99.95
                all      0.13      0.00      0.42      0.00      0.00     99.45
                all      0.13      0.00      0.44      0.04      0.00     99.39
                all      0.13      0.00      0.42      0.03      0.00     99.41
start----
                all      2.28      0.00     17.29      0.08      0.00     80.35
                all      0.04      0.00     47.26      0.03      0.00     52.67
                all      0.12      0.00     47.79      0.00      0.00     52.09
                all      0.03      0.00     47.84      0.00      0.00     52.13
                all      0.05      0.00     47.82      0.00      0.00     52.13
                all      0.80      0.00     45.77      0.00      0.00     53.42
                all      0.02      0.00     46.21      0.00      0.00     53.78
                all      0.02      0.00     46.23      0.00      0.00     53.76
                all      0.02      0.00     46.17      0.00      0.00     53.82
                all      0.79      0.00     30.39      0.00      0.00     68.82
end------
                all      0.02      0.00      0.06      0.01      0.00     99.91
                all      0.11      0.00      0.42      0.00      0.00     99.48
                all      0.13      0.00      0.44      0.00      0.00     99.44
                all      0.13      0.00      0.44      0.00      0.00     99.44
start----
                all      2.25      0.00     11.08      0.10      0.00     86.56
                all      0.05      0.00     47.27      0.00      0.00     52.68
                all      0.05      0.00     47.67      0.00      0.00     52.28
                all      0.04      0.00     47.83      0.00      0.00     52.12
                all      0.04      0.00     47.82      0.00      0.00     52.14
                all      0.98      0.00     45.66      0.00      0.00     53.37
                all      0.02      0.00     46.23      0.00      0.00     53.75
                all      0.02      0.00     46.23      0.00      0.00     53.75
                all      0.02      0.00     46.17      0.00      0.00     53.82
                all      0.87      0.00     35.83      0.00      0.00     63.30
                all      0.02      0.00      0.07      0.00      0.00     99.91
end------
                all      0.10      0.00      0.35      0.00      0.00     99.54
                all      0.13      0.00      0.43      0.00      0.00     99.44
                all      0.13      0.00      0.44      0.00      0.00     99.43
start----
                all      0.99      0.00     11.39      0.04      0.00     87.58
                all     13.70      0.00     54.00      0.09      0.00     32.21
                all      5.28      0.00     81.25      0.00      0.00     13.47
                all      4.04      0.00     34.69      0.00      0.00     61.27
end------
                all      0.01      0.00      0.04      0.00      0.00     99.96
                all      0.13      0.00      0.45      0.00      0.00     99.42
                all      0.13      0.00      0.44      0.00      0.00     99.44
                all      0.13      0.00      0.45      0.00      0.00     99.42
start----
                all      2.72      0.00     26.12      0.15      0.00     71.00
                all     11.66      0.00     66.12      0.07      0.00     22.16
                all     11.32      0.00     76.22      0.00      0.00     12.45
                all      0.09      0.00     18.71      0.00      0.00     81.20
end------
                all      0.01      0.00      0.06      0.00      0.00     99.93
                all      0.13      0.00      0.44      0.00      0.00     99.43
                all      0.14      0.00      0.44      0.07      0.00     99.36
                all      0.14      0.00      0.43      0.00      0.00     99.43
start----
                all      3.54      0.00     26.81      0.14      0.00     69.50
                all     11.83      0.00     70.17      0.15      0.00     17.85
                all     10.57      0.00     75.67      0.00      0.00     13.76
                all      0.07      0.00     12.69      0.00      0.00     87.24
end------
                all      0.03      0.00      0.08      0.00      0.00     99.89
                all      0.14      0.00      0.43      0.00      0.00     99.43
                all      0.15      0.00      0.51      0.00      0.00     99.33
start----
                all      0.13      0.00      0.44      0.00      0.00     99.43
                all      4.98      0.00     29.56      0.25      0.00     65.20
                all      9.63      0.00     73.15      0.34      0.00     16.88
                all      5.50      0.00     81.41      0.00      0.00     13.09
                all      0.06      0.00     87.37      0.00      0.00     12.56
                all      5.30      0.00     51.53      0.01      0.00     43.17
                all      0.03      0.00      0.09      0.00      0.00     99.88
end------
                all      0.11      0.00      0.40      0.00      0.00     99.49
                all      0.15      0.00      0.42      0.00      0.00     99.44
                all      0.13      0.00      0.44      0.00      0.00     99.43
start----
                all      1.00      0.00     11.58      0.04      0.00     87.38
                all     14.16      0.00     55.69      0.12      0.00     30.03
                all      0.20      0.00     87.15      0.00      0.00     12.66
                all      5.22      0.00     80.47      0.00      0.00     14.31
                all      6.12      0.00     79.54      0.00      0.00     14.34
                all      0.06      0.00      3.91      0.01      0.00     96.02
end------
                all      0.06      0.00      0.23      0.00      0.00     99.71
                all      0.14      0.00      0.42      0.00      0.00     99.44
                all      0.14      0.00      0.43      0.00      0.00     99.43
start----
                all      0.22      0.00      1.87      0.03      0.00     97.88
                all     10.47      0.00     43.94      0.19      0.00     45.40
                all      0.10      0.00     87.23      0.00      0.00     12.67
                all      4.83      0.00     81.66      0.00      0.00     13.51
                all      3.16      0.00     84.32      0.00      0.00     12.52
                all      2.04      0.00     22.47      0.00      0.00     75.49
end------
                all      0.00      0.00      0.04      0.00      0.00     99.96
                all      0.14      0.00      0.43      0.00      0.00     99.43
                all      0.13      0.00      0.44      0.00      0.00     99.43
                all      0.13      0.00      0.43      0.00      0.00     99.44
start----
                all      3.52      0.00     25.35      0.11      0.00     71.03
                all     10.65      0.00     67.67      0.09      0.00     21.60
                all      0.09      0.00     87.32      0.00      0.00     12.59
                all      0.09      0.00     87.89      0.00      0.00     12.02
                all      7.15      0.00     80.61      0.00      0.00     12.25
                all      0.05      0.00     87.27      0.00      0.00     12.68
                all      0.04      0.00     87.17      0.00      0.00     12.78
                all      5.71      0.00     73.17      0.01      0.00     21.12
                all      0.04      0.00      1.51      0.00      0.00     98.45
end------
                all      0.05      0.00      0.16      0.00      0.00     99.79
                all      0.14      0.00      0.42      0.00      0.00     99.43
                all      0.14      0.00      0.43      0.00      0.00     99.43
start----
                all      0.11      0.00      0.40      0.00      0.00     99.48
                all      9.66      0.00     42.95      0.18      0.00     47.22
                all      1.22      0.00     75.84      0.00      0.00     22.94
                all      0.10      0.00     87.49      0.00      0.00     12.41
                all      0.30      0.00     87.77      0.00      0.00     11.93
                all      8.34      0.00     78.56      0.00      0.00     13.10
                all      0.04      0.00     87.19      0.00      0.00     12.77
                all      0.05      0.00     87.25      0.00      0.00     12.69
                all      4.78      0.00     41.75      0.00      0.00     53.47
                all      0.03      0.00      0.08      0.00      0.00     99.90
end------
                all      0.09      0.00      0.35      0.00      0.00     99.56
                all      0.14      0.00      0.43      0.00      0.00     99.43
                all      0.14      0.00      0.43      0.00      0.00     99.43
start----
                all      0.94      0.00     12.48      0.06      0.00     86.52
                all     10.77      0.00     51.74      0.17      0.00     37.31
                all      0.09      0.00     87.31      0.00      0.00     12.60
                all      0.14      0.00     87.78      0.00      0.00     12.08
                all      6.26      0.00     81.27      0.05      0.00     12.43
                all      0.20      0.00     87.95      0.02      0.00     11.82
                all      0.23      0.00     88.39      0.01      0.00     11.37
                all      5.62      0.00     82.34      0.00      0.00     12.03
                all      1.37      0.00     21.96      0.00      0.00     76.67
end------
                all      0.00      0.00      0.03      0.00      0.00     99.97
                all      0.14      0.00      0.44      0.00      0.00     99.42
                all      0.13      0.00      0.44      0.00      0.00     99.43
                all      0.13      0.00      0.44      0.00      0.00     99.44
start----
                all      2.66      0.00     24.71      0.11      0.00     72.52
                all     11.38      0.00     64.66      0.12      0.00     23.84
                all      0.09      0.00     87.40      0.00      0.00     12.51
                all      0.10      0.00     87.95      0.00      0.00     11.95
                all      0.09      0.00     88.11      0.00      0.00     11.80
                all      0.10      0.00     88.01      0.00      0.00     11.88
                all      0.09      0.00     88.08      0.00      0.00     11.83
                all      5.44      0.00     82.73      0.00      0.00     11.83
                all      0.04      0.00     87.18      0.00      0.00     12.77
                all      0.04      0.00     87.14      0.00      0.00     12.81
                all      0.05      0.00     87.25      0.00      0.00     12.69
                all      0.06      0.00     87.25      0.00      0.00     12.69
                all      0.04      0.00     87.19      0.00      0.00     12.76
                all      6.93      0.00     81.38      0.00      0.00     11.70
                all      0.08      0.00     17.10      0.01      0.00     82.81
end------
                all      0.02      0.00      0.08      0.00      0.00     99.90
                all      0.14      0.00      0.42      0.00      0.00     99.44
                all      0.15      0.00      0.43      0.00      0.00     99.42
                all      0.14      0.00      0.43      0.00      0.00     99.43
start----
                all      2.90      0.00     28.35      0.38      0.00     68.37
                all     11.70      0.00     67.62      0.09      0.00     20.60
                all      0.09      0.00     87.29      0.00      0.00     12.61
                all      0.11      0.00     87.97      0.00      0.00     11.92
                all      0.10      0.00     88.01      0.00      0.00     11.88
                all      0.10      0.00     87.98      0.00      0.00     11.92
                all      0.11      0.00     88.01      0.00      0.00     11.88
                all      5.65      0.00     79.75      0.00      0.00     14.59
                all      0.05      0.00     87.35      0.00      0.00     12.60
                all      0.04      0.00     87.14      0.00      0.00     12.81
                all      0.05      0.00     87.25      0.00      0.00     12.69
                all      0.04      0.00     87.10      0.00      0.00     12.87
                all      0.05      0.00     87.23      0.00      0.00     12.72
                all      9.06      0.00     79.63      0.00      0.00     11.31
                all      0.10      0.00     16.46      0.00      0.00     83.44
end------
                all      0.01      0.00      0.05      0.00      0.00     99.94
                all      0.13      0.00      0.45      0.00      0.00     99.43
                all      0.13      0.00      0.44      0.08      0.00     99.35
                all      0.14      0.00      0.44      0.00      0.00     99.42
start----
                all      3.88      0.00     26.68      0.10      0.00     69.33
                all     10.80      0.00     70.85      0.14      0.00     18.21
                all      0.13      0.00     87.31      0.00      0.00     12.56
                all      0.10      0.00     87.90      0.00      0.00     12.00
                all      0.10      0.00     88.03      0.00      0.00     11.88
                all      0.12      0.00     87.93      0.00      0.00     11.95
                all      0.10      0.00     88.13      0.00      0.00     11.76
                all      5.60      0.00     79.12      0.00      0.00     15.27
                all      0.05      0.00     87.07      0.00      0.00     12.87
                all      0.05      0.00     87.15      0.00      0.00     12.79
                all      0.04      0.00     87.09      0.00      0.00     12.86
                all      0.05      0.00     87.08      0.00      0.00     12.86
                all      0.09      0.00     87.14      0.00      0.00     12.77
                all      9.17      0.00     79.24      0.00      0.00     11.59
                all      0.08      0.00     13.93      0.00      0.00     85.99
end------
                all      0.02      0.00      0.07      0.00      0.00     99.91
                all      0.16      0.00      0.51      0.00      0.00     99.33
                all      0.14      0.00      0.42      0.00      0.00     99.43
                all      0.14      0.00      0.42      0.00      0.00     99.44
End of data collecting unexpected
