
Linux 5.2.8200225+ (knl03.kisti.re.kr) 	2020년 04월 06일 	_x86_64_	(272 CPU)

                CPU     %user     %nice   %system   %iowait    %steal     %idle
                all      0.03      0.00      0.10      0.00      0.00     99.87
                all      0.03      0.00      0.08      0.15      0.00     99.74
                all      0.01      0.00      0.07      0.37      0.00     99.55
                all      0.03      0.00      0.07      0.36      0.00     99.54
                all      0.01      0.00      0.08      0.35      0.00     99.55
                all      0.01      0.00      0.13      0.25      0.00     99.61
                all      0.02      0.00      0.11      0.07      0.00     99.79
                all      0.03      0.00      0.12      0.00      0.00     99.85
                all      0.09      0.00      0.19      0.01      0.00     99.71
                all      0.02      0.00      0.16      0.00      0.00     99.81
                all      0.01      0.00      0.08      0.00      0.00     99.91
                all      0.01      0.00      0.07      0.00      0.00     99.92
start----
                all      0.08      0.00      0.41      0.02      0.00     99.49
                all      0.04      0.00      3.00      0.00      0.00     96.96
                all      0.04      0.00      0.71      0.00      0.00     99.25
end------
                all      0.07      0.00      0.34      0.00      0.00     99.59
                all      0.11      0.00      0.46      0.00      0.00     99.43
                all      0.11      0.00      0.45      0.00      0.00     99.44
start----
                all      0.13      0.00      0.92      0.02      0.00     98.93
                all      0.04      0.00      3.01      0.00      0.00     96.95
                all      0.03      0.00      0.38      0.00      0.00     99.59
end------
                all      0.09      0.00      0.38      0.00      0.00     99.54
                all      0.11      0.00      0.46      0.00      0.00     99.43
                all      0.11      0.00      0.46      0.00      0.00     99.42
start----
                all      0.11      0.00      1.22      0.02      0.00     98.65
                all      0.06      0.00      2.94      0.00      0.00     97.00
end------
                all      0.02      0.00      0.05      0.00      0.00     99.93
                all      0.10      0.00      0.43      0.00      0.00     99.47
                all      0.11      0.00      0.45      0.00      0.00     99.43
                all      0.11      0.00      0.47      0.00      0.00     99.41
start----
                all      0.11      0.00      1.55      0.01      0.00     98.33
                all      0.03      0.00      3.01      0.00      0.00     96.96
                all      0.03      0.00      3.00      0.00      0.00     96.96
                all      0.05      0.00      0.57      0.01      0.00     99.38
end------
                all      0.07      0.00      0.31      0.00      0.00     99.62
                all      0.11      0.00      0.45      0.00      0.00     99.43
                all      0.12      0.00      0.45      0.07      0.00     99.35
start----
                all      0.13      0.00      0.94      0.02      0.00     98.90
                all      0.03      0.00      3.01      0.00      0.00     96.96
                all      0.06      0.00      2.99      0.00      0.00     96.95
                all      0.05      0.00      1.19      0.01      0.00     98.75
end------
                all      0.05      0.00      0.23      0.00      0.00     99.72
                all      0.11      0.00      0.46      0.00      0.00     99.44
                all      0.11      0.00      0.46      0.07      0.00     99.36
start----
                all      0.14      0.00      0.51      0.03      0.00     99.32
                all      0.03      0.00      3.00      0.00      0.00     96.97
                all      0.05      0.00      2.98      0.00      0.00     96.97
                all      0.06      0.00      1.73      0.00      0.00     98.21
end------
                all      0.03      0.00      0.15      0.00      0.00     99.82
                all      0.11      0.00      0.46      0.00      0.00     99.42
                all      0.11      0.00      0.47      0.08      0.00     99.34
start----
                all      0.11      0.00      0.44      0.00      0.00     99.45
                all      0.11      0.00      2.67      0.02      0.00     97.21
                all      0.03      0.00      3.01      0.00      0.00     96.96
                all      0.03      0.00      3.52      0.00      0.00     96.45
                all      0.07      0.00      3.37      0.00      0.00     96.56
                all      0.02      0.00      3.02      0.00      0.00     96.96
                all      0.09      0.00      1.36      0.00      0.00     98.54
end------
                all      0.05      0.00      0.17      0.00      0.00     99.78
                all      0.13      0.00      0.46      0.00      0.00     99.41
                all      0.11      0.00      0.46      0.07      0.00     99.36
start----
                all      0.11      0.00      0.39      0.00      0.00     99.49
                all      0.07      0.00      2.89      0.01      0.00     97.02
                all      0.04      0.00      3.01      0.00      0.00     96.95
                all      0.03      0.00      3.53      0.00      0.00     96.44
                all      0.08      0.00      3.26      0.00      0.00     96.66
                all      0.01      0.00      3.02      0.00      0.00     96.97
                all      0.09      0.00      0.86      0.00      0.00     99.05
end------
                all      0.03      0.00      0.17      0.00      0.00     99.80
                all      0.12      0.00      0.46      0.00      0.00     99.41
                all      0.12      0.00      0.45      0.08      0.00     99.35
start----
                all      0.10      0.00      0.41      0.01      0.00     99.48
                all      0.07      0.00      2.83      0.01      0.00     97.08
                all      0.03      0.00      3.00      0.00      0.00     96.97
                all      0.03      0.00      3.55      0.00      0.00     96.41
                all      0.12      0.00      3.30      0.00      0.00     96.58
                all      0.01      0.00      3.02      0.00      0.00     96.97
                all      0.14      0.00      1.07      0.00      0.00     98.78
end------
                all      0.04      0.00      0.18      0.00      0.00     99.78
                all      0.13      0.00      0.45      0.00      0.00     99.42
                all      0.12      0.00      0.45      0.00      0.00     99.43
start----
                all      0.11      0.00      0.41      0.00      0.00     99.48
                all      0.07      0.00      2.63      0.01      0.00     97.29
                all      0.02      0.00      3.01      0.00      0.00     96.97
                all      0.03      0.00      3.47      0.00      0.00     96.50
                all      0.03      0.00      3.52      0.00      0.00     96.45
                all      0.04      0.00      3.51      0.00      0.00     96.45
                all      0.03      0.00      3.53      0.00      0.00     96.44
                all      0.02      0.00      3.36      0.16      0.00     96.46
                all      0.24      0.00      2.48      0.57      0.00     96.70
                all      0.01      0.00      3.02      0.00      0.00     96.97
                all      0.02      0.00      3.02      0.00      0.00     96.97
                all      0.03      0.00      3.00      0.00      0.00     96.97
                all      0.12      0.00      0.15      0.00      0.00     99.73
end------
                all      0.09      0.00      0.36      0.00      0.00     99.56
                all      0.13      0.00      0.44      0.00      0.00     99.44
                all      0.12      0.00      0.45      0.00      0.00     99.43
start----
                all      0.11      0.00      1.36      0.01      0.00     98.51
                all      0.03      0.00      3.00      0.00      0.00     96.97
                all      0.04      0.00      3.15      0.00      0.00     96.81
                all      0.04      0.00      3.61      0.00      0.00     96.35
                all      0.03      0.00      3.58      0.00      0.00     96.39
                all      0.03      0.00      3.59      0.00      0.00     96.38
                all      0.03      0.00      3.57      0.00      0.00     96.40
                all      0.07      0.00      2.23      1.15      0.00     96.54
                all      0.26      0.00      2.79      0.12      0.00     96.83
                all      0.01      0.00      3.02      0.00      0.00     96.97
                all      0.02      0.00      3.02      0.00      0.00     96.97
                all      0.26      0.00      2.08      0.00      0.00     97.66
end------
                all      0.02      0.00      0.06      0.00      0.00     99.92
                all      0.11      0.00      0.43      0.00      0.00     99.46
                all      0.11      0.00      0.45      0.00      0.00     99.44
                all      0.15      0.00      0.52      0.00      0.00     99.32
start----
                all      0.11      0.00      1.53      0.01      0.00     98.34
                all      0.03      0.00      3.01      0.00      0.00     96.96
                all      0.04      0.00      3.18      0.00      0.00     96.78
                all      0.03      0.00      3.55      0.00      0.00     96.41
                all      0.03      0.00      3.52      0.00      0.00     96.45
                all      0.03      0.00      3.56      0.00      0.00     96.41
                all      0.03      0.00      3.62      0.00      0.00     96.34
                all      0.21      0.00      2.57      0.83      0.00     96.39
                all      0.01      0.00      3.13      0.00      0.00     96.85
                all      0.01      0.00      3.02      0.00      0.00     96.97
                all      0.03      0.00      3.03      0.00      0.00     96.94
                all      0.36      0.00      1.54      0.00      0.00     98.10
end------
                all      0.01      0.00      0.04      0.00      0.00     99.95
                all      0.10      0.00      0.46      0.00      0.00     99.44
                all      0.16      0.00      0.46      0.04      0.00     99.33
                all      0.14      0.00      0.46      0.00      0.00     99.40
start----
                all      0.13      0.00      3.67      0.03      0.00     96.17
                all      0.07      0.00      3.68      0.00      0.00     96.24
end------
                all      0.02      0.00      0.10      0.00      0.00     99.88
                all      0.12      0.00      0.45      0.00      0.00     99.43
                all      0.11      0.00      0.46      0.07      0.00     99.36
start----
                all      0.10      0.00      0.43      0.00      0.00     99.47
                all      0.15      0.00      4.84      0.01      0.00     94.99
                all      0.06      0.00      2.35      0.00      0.00     97.58
end------
                all      0.06      0.00      0.24      0.00      0.00     99.69
                all      0.11      0.00      0.46      0.00      0.00     99.43
                all      0.11      0.00      0.46      0.00      0.00     99.42
start----
                all      0.18      0.00      0.63      0.02      0.00     99.17
                all      0.07      0.00      5.92      0.00      0.00     94.01
                all      0.04      0.00      1.05      0.00      0.00     98.91
end------
                all      0.09      0.00      0.35      0.00      0.00     99.56
                all      0.10      0.00      0.45      0.00      0.00     99.44
                all      0.13      0.00      0.45      0.00      0.00     99.43
start----
                all      0.18      0.00      1.84      0.02      0.00     97.96
                all      0.04      0.00      5.96      0.00      0.00     94.01
                all      0.06      0.00      5.93      0.00      0.00     94.01
                all      0.08      0.00      0.58      0.00      0.00     99.34
end------
                all      0.07      0.00      0.29      0.00      0.00     99.64
                all      0.10      0.00      0.46      0.00      0.00     99.44
                all      0.11      0.00      0.46      0.00      0.00     99.43
start----
                all      0.18      0.00      0.94      0.01      0.00     98.86
                all      0.03      0.00      5.95      0.00      0.00     94.01
                all      0.04      0.00      5.94      0.00      0.00     94.02
                all      0.06      0.00      1.61      0.00      0.00     98.32
end------
                all      0.07      0.00      0.27      0.00      0.00     99.67
                all      0.11      0.00      0.45      0.00      0.00     99.43
                all      0.11      0.00      0.47      0.07      0.00     99.35
start----
                all      0.18      0.00      1.14      0.03      0.00     98.65
                all      0.03      0.00      5.94      0.00      0.00     94.02
                all      0.05      0.00      5.93      0.00      0.00     94.02
                all      0.07      0.00      1.35      0.00      0.00     98.58
end------
                all      0.06      0.00      0.24      0.00      0.00     99.71
                all      0.12      0.00      0.45      0.00      0.00     99.43
                all      0.11      0.00      0.46      0.00      0.00     99.42
start----
                all      0.13      0.00      0.59      0.03      0.00     99.25
                all      0.11      0.00      5.86      0.00      0.00     94.03
                all      0.04      0.00      6.14      0.00      0.00     93.82
                all      0.14      0.00      6.33      0.00      0.00     93.53
                all      0.02      0.00      5.99      0.00      0.00     94.00
                all      0.23      0.00      4.13      0.00      0.00     95.63
end------
                all      0.02      0.00      0.11      0.00      0.00     99.87
                all      0.11      0.00      0.46      0.00      0.00     99.42
                all      0.11      0.00      0.46      0.00      0.00     99.43
                all      0.11      0.00      0.45      0.00      0.00     99.44
start----
                all      0.14      0.00      4.24      0.01      0.00     95.60
                all      0.03      0.00      6.00      0.00      0.00     93.97
                all      0.04      0.00      6.52      0.00      0.00     93.44
                all      0.09      0.00      5.99      0.00      0.00     93.92
                all      0.17      0.00      5.81      0.00      0.00     94.02
                all      0.04      0.00      0.11      0.00      0.00     99.85
end------
                all      0.11      0.00      0.42      0.00      0.00     99.47
                all      0.17      0.00      0.55      0.01      0.00     99.27
                all      0.16      0.00      0.50      0.00      0.00     99.34
start----
                all      0.16      0.00      2.68      0.02      0.00     97.14
                all      0.04      0.00      5.95      0.00      0.00     94.01
                all      0.03      0.00      6.36      0.00      0.00     93.61
                all      0.16      0.00      6.12      0.00      0.00     93.73
                all      0.02      0.00      5.96      0.00      0.00     94.02
                all      0.24      0.00      1.69      0.01      0.00     98.06
end------
                all      0.03      0.00      0.18      0.00      0.00     99.79
                all      0.12      0.00      0.45      0.00      0.00     99.43
                all      0.11      0.00      0.46      0.07      0.00     99.37
start----
                all      0.10      0.00      0.41      0.01      0.00     99.48
                all      0.13      0.00      5.42      0.02      0.00     94.43
                all      0.04      0.00      6.08      0.00      0.00     93.88
                all      0.03      0.00      6.48      0.00      0.00     93.48
                all      0.04      0.00      6.57      0.00      0.00     93.38
                all      0.03      0.00      6.55      0.00      0.00     93.42
                all      0.52      0.00      3.19      2.77      0.00     93.52
                all      0.02      0.00      6.00      0.01      0.00     93.96
                all      0.01      0.00      5.97      0.00      0.00     94.02
                all      0.01      0.00      5.96      0.00      0.00     94.02
                all      0.34      0.00      4.94      0.00      0.00     94.72
                all      0.02      0.00      0.07      0.00      0.00     99.90
end------
                all      0.08      0.00      0.34      0.00      0.00     99.57
                all      0.11      0.00      0.45      0.00      0.00     99.44
                all      0.13      0.00      0.46      0.08      0.00     99.34
start----
                all      0.17      0.00      2.28      0.01      0.00     97.53
                all      0.03      0.00      5.95      0.00      0.00     94.01
                all      0.03      0.00      6.34      0.00      0.00     93.63
                all      0.04      0.00      6.52      0.00      0.00     93.44
                all      0.03      0.00      6.53      0.00      0.00     93.45
                all      0.04      0.00      5.68      0.83      0.00     93.45
                all      0.53      0.00      4.37      1.32      0.00     93.77
                all      0.01      0.00      5.98      0.00      0.00     94.01
                all      0.01      0.00      5.96      0.00      0.00     94.02
                all      0.02      0.00      5.99      0.00      0.00     94.00
                all      0.22      0.00      2.00      0.01      0.00     97.77
end------
                all      0.06      0.00      0.22      0.00      0.00     99.71
                all      0.12      0.00      0.45      0.00      0.00     99.43
                all      0.11      0.00      0.46      0.07      0.00     99.35
start----
                all      0.16      0.00      0.63      0.02      0.00     99.20
                all      0.06      0.00      5.92      0.00      0.00     94.02
                all      0.03      0.00      6.16      0.00      0.00     93.81
                all      0.03      0.00      6.53      0.00      0.00     93.44
                all      0.03      0.00      6.53      0.00      0.00     93.44
                all      0.04      0.00      6.51      0.00      0.00     93.45
                all      0.44      0.00      3.85      2.04      0.00     93.66
                all      0.02      0.00      6.00      0.00      0.00     93.98
                all      0.02      0.00      6.00      0.00      0.00     93.98
                all      0.03      0.00      6.03      0.00      0.00     93.94
                all      0.23      0.00      3.58      0.00      0.00     96.18
end------
                all      0.02      0.00      0.11      0.00      0.00     99.87
                all      0.12      0.00      0.44      0.00      0.00     99.44
                all      0.11      0.00      0.46      0.07      0.00     99.37
start----
                all      0.11      0.00      0.43      0.00      0.00     99.45
                all      0.31      0.00      8.98      0.03      0.00     90.69
                all      0.06      0.00      5.77      0.00      0.00     94.17
end------
                all      0.05      0.00      0.17      0.00      0.00     99.78
                all      0.12      0.00      0.45      0.00      0.00     99.43
                all      0.14      0.00      0.45      0.00      0.00     99.41
start----
                all      0.10      0.00      0.41      0.00      0.00     99.48
                all      0.29      0.00     10.70      0.03      0.00     88.99
                all      0.07      0.00      3.86      0.00      0.00     96.08
end------
                all      0.06      0.00      0.25      0.00      0.00     99.69
                all      0.13      0.00      0.44      0.00      0.00     99.44
                all      0.12      0.00      0.45      0.07      0.00     99.36
start----
                all      0.25      0.00      1.17      0.03      0.00     98.55
                all      0.18      0.00     11.67      0.00      0.00     88.15
                all      0.06      0.00      2.23      0.00      0.00     97.70
end------
                all      0.08      0.00      0.31      0.00      0.00     99.61
                all      0.11      0.00      0.45      0.00      0.00     99.44
                all      0.13      0.00      0.44      0.08      0.00     99.35
start----
                all      0.31      0.00      2.65      0.02      0.00     97.02
                all      0.03      0.00     11.85      0.00      0.00     88.12
                all      0.05      0.00     11.83      0.00      0.00     88.12
                all      0.08      0.00      2.17      0.00      0.00     97.75
end------
                all      0.05      0.00      0.23      0.00      0.00     99.73
                all      0.13      0.00      0.44      0.00      0.00     99.44
                all      0.11      0.00      0.45      0.07      0.00     99.36
start----
                all      0.14      0.00      0.94      0.04      0.00     98.87
                all      0.22      0.00     11.32      0.00      0.00     88.46
                all      0.15      0.00     11.73      0.00      0.00     88.12
                all      0.08      0.00      4.75      0.00      0.00     95.16
end------
                all      0.05      0.00      0.22      0.00      0.00     99.73
                all      0.12      0.00      0.44      0.00      0.00     99.44
                all      0.13      0.00      0.46      0.00      0.00     99.42
start----
                all      0.14      0.00      0.93      0.03      0.00     98.91
                all      0.22      0.00     11.29      0.00      0.00     88.49
                all      0.08      0.00     11.80      0.00      0.00     88.12
                all      0.08      0.00      4.61      0.00      0.00     95.31
end------
                all      0.06      0.00      0.22      0.00      0.00     99.72
                all      0.12      0.00      0.45      0.00      0.00     99.44
                all      0.12      0.00      0.45      0.00      0.00     99.43
start----
                all      0.15      0.00      0.91      0.02      0.00     98.92
                all      0.22      0.00     11.39      0.00      0.00     88.39
                all      0.04      0.00     12.10      0.00      0.00     87.86
                all      0.24      0.00     12.14      0.00      0.00     87.63
                all      0.02      0.00     11.88      0.00      0.00     88.11
                all      0.29      0.00      8.39      0.00      0.00     91.32
end------
                all      0.01      0.00      0.04      0.00      0.00     99.94
                all      0.12      0.00      0.42      0.00      0.00     99.47
                all      0.12      0.00      0.45      0.00      0.00     99.43
                all      0.12      0.00      0.44      0.00      0.00     99.44
start----
                all      0.29      0.00      5.88      0.03      0.00     93.81
                all      0.04      0.00     11.84      0.00      0.00     88.12
                all      0.04      0.00     12.34      0.00      0.00     87.62
                all      0.14      0.00     11.96      0.01      0.00     87.89
                all      0.01      0.00     11.87      0.00      0.00     88.12
                all      0.37      0.00      2.55      0.01      0.00     97.06
end------
                all      0.07      0.00      0.28      0.00      0.00     99.65
                all      0.11      0.00      0.46      0.00      0.00     99.43
                all      0.13      0.00      0.45      0.00      0.00     99.42
start----
                all      0.11      0.00      0.42      0.00      0.00     99.47
                all      0.25      0.00     11.23      0.02      0.00     88.50
                all      0.03      0.00     12.03      0.00      0.00     87.94
                all      0.22      0.00     12.16      0.00      0.00     87.61
                all      0.02      0.00     11.86      0.00      0.00     88.12
                all      0.19      0.00      9.00      0.00      0.00     90.81
end------
                all      0.01      0.00      0.08      0.00      0.00     99.91
                all      0.13      0.00      0.45      0.00      0.00     99.42
                all      0.11      0.00      0.46      0.00      0.00     99.44
                all      0.12      0.00      0.45      0.00      0.00     99.44
start----
                all      0.26      0.00      7.19      0.03      0.00     92.52
                all      0.03      0.00     11.85      0.00      0.00     88.11
                all      0.03      0.00     12.42      0.00      0.00     87.56
                all      0.04      0.00     12.42      0.00      0.00     87.54
                all      0.03      0.00     12.45      0.00      0.00     87.52
                all      0.31      0.00     12.11      0.00      0.00     87.58
                all      0.01      0.00     11.86      0.00      0.00     88.12
                all      0.02      0.00     11.86      0.00      0.00     88.12
                all      0.02      0.00     11.86      0.00      0.00     88.12
                all      0.23      0.00      8.93      0.00      0.00     90.84
                all      0.02      0.00      0.07      0.01      0.00     99.91
end------
                all      0.10      0.00      0.37      0.00      0.00     99.53
                all      0.13      0.00      0.44      0.00      0.00     99.43
                all      0.13      0.00      0.45      0.00      0.00     99.42
start----
                all      0.30      0.00      4.79      0.03      0.00     94.89
                all      0.03      0.00     11.85      0.00      0.00     88.12
                all      0.04      0.00     12.25      0.00      0.00     87.72
                all      0.03      0.00     12.44      0.00      0.00     87.53
                all      0.03      0.00     12.42      0.00      0.00     87.55
                all      0.06      0.00     12.41      0.00      0.00     87.53
                all      0.53      0.00     11.52      0.00      0.00     87.95
                all      0.01      0.00     11.87      0.00      0.00     88.12
                all      0.02      0.00     11.86      0.00      0.00     88.12
                all      0.32      0.00     11.57      0.00      0.00     88.12
                all      0.18      0.00      0.32      0.00      0.00     99.50
end------
                all      0.11      0.00      0.39      0.00      0.00     99.50
                all      0.13      0.00      0.45      0.00      0.00     99.42
                all      0.13      0.00      0.44      0.00      0.00     99.43
start----
                all      0.33      0.00      4.36      0.03      0.00     95.28
                all      0.03      0.00     11.85      0.00      0.00     88.12
                all      0.04      0.00     12.27      0.00      0.00     87.70
                all      0.03      0.00     12.43      0.00      0.00     87.54
                all      0.03      0.00     12.45      0.00      0.00     87.52
                all      0.03      0.00     12.45      0.00      0.00     87.52
                all      0.42      0.00     11.55      0.00      0.00     88.03
                all      0.01      0.00     11.86      0.00      0.00     88.13
                all      0.02      0.00     11.87      0.00      0.00     88.11
                all      0.15      0.00     11.75      0.00      0.00     88.11
                all      0.11      0.00      0.33      0.00      0.00     99.56
end------
                all      0.10      0.00      0.35      0.00      0.00     99.55
                all      0.14      0.00      0.44      0.00      0.00     99.43
                all      0.14      0.00      0.44      0.08      0.00     99.35
start----
                all      0.71      0.00      7.22      0.05      0.00     92.03
                all      0.31      0.00     22.97      0.01      0.00     76.71
                all      0.10      0.00      0.12      0.01      0.00     99.78
end------
                all      0.11      0.00      0.37      0.00      0.00     99.52
                all      0.14      0.00      0.43      0.00      0.00     99.43
                all      0.15      0.00      0.51      0.00      0.00     99.34
start----
                all      0.65      0.00      8.33      0.08      0.00     90.93
                all      0.26      0.00     21.66      0.00      0.00     78.08
                all      0.02      0.00      0.06      0.00      0.00     99.92
end------
                all      0.16      0.00      0.55      0.01      0.00     99.29
                all      0.23      0.00      0.59      0.01      0.00     99.17
                all      0.14      0.00      0.51      0.03      0.00     99.32
start----
                all      0.62      0.00      9.71      0.08      0.00     89.60
                all      0.30      0.00     20.25      0.00      0.00     79.45
end------
                all      0.01      0.00      0.10      0.01      0.00     99.88
                all      0.16      0.00      0.51      0.02      0.00     99.31
                all      0.15      0.00      0.49      0.00      0.00     99.35
                all      0.24      0.00      0.58      0.00      0.00     99.17
start----
                all      0.69      0.00      7.27      0.05      0.00     91.99
                all      0.04      0.00     23.65      0.00      0.00     76.31
                all      0.14      0.00     23.52      0.00      0.00     76.34
                all      0.15      0.00      2.24      0.01      0.00     97.60
end------
                all      0.09      0.00      0.31      0.00      0.00     99.60
                all      0.14      0.00      0.42      0.00      0.00     99.43
                all      0.13      0.00      0.44      0.00      0.00     99.43
start----
                all      0.70      0.00      4.25      0.10      0.00     94.96
                all      0.04      0.00     23.64      0.00      0.00     76.32
                all      0.15      0.00     23.53      0.00      0.00     76.32
                all      0.14      0.00      5.73      0.01      0.00     94.11
end------
                all      0.06      0.00      0.25      0.00      0.00     99.68
                all      0.13      0.00      0.43      0.00      0.00     99.44
                all      0.13      0.00      0.46      0.00      0.00     99.41
start----
                all      0.32      0.00      1.65      0.05      0.00     97.98
                all      0.40      0.00     22.85      0.00      0.00     76.74
                all      0.17      0.00     23.47      0.00      0.00     76.37
                all      0.17      0.00      9.15      0.00      0.00     90.68
end------
                all      0.05      0.00      0.20      0.00      0.00     99.75
                all      0.14      0.00      0.43      0.00      0.00     99.43
                all      0.13      0.00      0.44      0.08      0.00     99.35
start----
                all      0.14      0.00      0.62      0.03      0.00     99.21
                all      0.62      0.00     21.42      0.06      0.00     77.90
                all      0.04      0.00     23.84      0.00      0.00     76.12
                all      0.20      0.00     23.81      0.04      0.00     75.95
                all      0.01      0.00     23.68      0.00      0.00     76.32
                all      0.39      0.00     18.60      0.00      0.00     81.00
end------
                all      0.00      0.00      0.03      0.00      0.00     99.96
                all      0.14      0.00      0.41      0.00      0.00     99.45
                all      0.15      0.00      0.42      0.05      0.00     99.39
                all      0.13      0.00      0.44      0.02      0.00     99.41
start----
                all      0.72      0.00     12.09      0.05      0.00     87.14
                all      0.03      0.00     23.65      0.00      0.00     76.32
                all      0.04      0.00     24.13      0.00      0.00     75.83
                all      0.17      0.00     23.55      0.04      0.00     76.24
                all      0.01      0.00     23.66      0.00      0.00     76.33
                all      0.35      0.00      4.41      0.00      0.00     95.24
end------
                all      0.09      0.00      0.24      0.00      0.00     99.67
                all      0.14      0.00      0.43      0.00      0.00     99.43
                all      0.14      0.00      0.44      0.08      0.00     99.35
start----
                all      0.65      0.00      2.80      0.06      0.00     96.49
                all      0.03      0.00     23.65      0.00      0.00     76.33
                all      0.04      0.00     23.95      0.00      0.00     76.01
                all      0.25      0.00     23.68      0.01      0.00     76.06
                all      0.02      0.00     23.65      0.00      0.00     76.33
                all      0.39      0.00     14.06      0.00      0.00     85.55
end------
                all      0.00      0.00      0.03      0.00      0.00     99.97
                all      0.14      0.00      0.48      0.00      0.00     99.38
                all      0.14      0.00      0.45      0.00      0.00     99.41
                all      0.13      0.00      0.43      0.00      0.00     99.44
start----
                all      0.72      0.00     12.07      0.08      0.00     87.13
                all      0.04      0.00     23.65      0.00      0.00     76.31
                all      0.04      0.00     24.10      0.00      0.00     75.86
                all      0.04      0.00     24.16      0.00      0.00     75.80
                all      0.04      0.00     24.13      0.00      0.00     75.83
                all      0.42      0.00     23.61      0.00      0.00     75.97
                all      0.02      0.00     23.67      0.00      0.00     76.30
                all      0.03      0.00     23.66      0.00      0.00     76.31
                all      0.02      0.00     23.65      0.00      0.00     76.33
                all      0.46      0.00     18.72      0.00      0.00     80.82
                all      0.02      0.00      0.07      0.00      0.00     99.91
end------
                all      0.11      0.00      0.35      0.00      0.00     99.53
                all      0.14      0.00      0.43      0.00      0.00     99.43
                all      0.13      0.00      0.45      0.00      0.00     99.42
start----
                all      0.73      0.00      6.64      0.11      0.00     92.52
                all      0.03      0.00     23.65      0.00      0.00     76.32
                all      0.04      0.00     24.04      0.00      0.00     75.93
                all      0.04      0.00     24.13      0.00      0.00     75.83
                all      0.04      0.00     24.12      0.00      0.00     75.83
                all      0.04      0.00     24.13      0.00      0.00     75.83
                all      0.37      0.00     23.35      0.03      0.00     76.25
                all      0.02      0.00     23.67      0.00      0.00     76.31
                all      0.02      0.00     23.65      0.00      0.00     76.33
                all      0.24      0.00     23.46      0.00      0.00     76.30
                all      0.26      0.00      0.94      0.00      0.00     98.79
end------
                all      0.09      0.00      0.33      0.00      0.00     99.58
                all      0.13      0.00      0.43      0.00      0.00     99.44
                all      0.13      0.00      0.44      0.07      0.00     99.36
start----
                all      0.66      0.00      5.93      0.04      0.00     93.36
                all      0.03      0.00     23.65      0.00      0.00     76.32
                all      0.03      0.00     24.00      0.00      0.00     75.97
                all      0.03      0.00     24.25      0.00      0.00     75.72
                all      0.04      0.00     24.22      0.00      0.00     75.74
                all      0.04      0.00     24.24      0.00      0.00     75.73
                all      0.35      0.00     23.48      0.00      0.00     76.17
                all      0.01      0.00     23.65      0.00      0.00     76.34
                all      0.02      0.00     23.66      0.00      0.00     76.32
                all      0.02      0.00     23.65      0.00      0.00     76.33
                all      0.32      0.00      1.80      0.00      0.00     97.88
end------
                all      0.11      0.00      0.35      0.00      0.00     99.54
                all      0.13      0.00      0.44      0.00      0.00     99.43
                all      0.13      0.00      0.44      0.00      0.00     99.43
start----
                all      1.23      0.00      7.24      0.06      0.00     91.47
                all      1.65      0.00     44.79      0.02      0.00     53.53
                all      0.48      0.00     21.61      0.01      0.00     77.90
end------
                all      0.03      0.00      0.14      0.00      0.00     99.82
                all      0.13      0.00      0.44      0.00      0.00     99.43
                all      0.13      0.00      0.44      0.00      0.00     99.43
start----
                all      0.13      0.00      0.40      0.01      0.00     99.47
                all      2.15      0.00     31.97      0.10      0.00     65.78
                all      1.04      0.00     41.60      0.00      0.00     57.36
                all      0.02      0.00      0.07      0.00      0.00     99.90
end------
                all      0.11      0.00      0.38      0.00      0.00     99.51
                all      0.13      0.00      0.44      0.01      0.00     99.42
                all      0.13      0.00      0.44      0.00      0.00     99.44
start----
                all      2.25      0.00     10.38      0.07      0.00     87.30
                all      0.65      0.00     46.15      0.00      0.00     53.19
                all      0.50      0.00     17.51      0.00      0.00     81.99
end------
                all      0.06      0.00      0.27      0.00      0.00     99.66
                all      0.14      0.00      0.43      0.00      0.00     99.44
                all      0.13      0.00      0.44      0.00      0.00     99.44
start----
                all      0.12      0.00      0.39      0.00      0.00     99.48
                all      2.23      0.00     35.67      0.04      0.00     62.06
                all      0.58      0.00     46.45      0.00      0.00     52.97
                all      0.16      0.00     47.09      0.00      0.00     52.75
                all      0.41      0.00      4.07      0.00      0.00     95.52
end------
                all      0.08      0.00      0.29      0.00      0.00     99.63
                all      0.15      0.00      0.41      0.00      0.00     99.43
                all      0.14      0.00      0.42      0.00      0.00     99.44
start----
                all      1.08      0.00      4.36      0.11      0.00     94.45
                all      1.34      0.00     44.02      0.00      0.00     54.64
                all      0.62      0.00     46.46      0.00      0.00     52.91
                all      0.51      0.00     39.28      0.00      0.00     60.20
                all      0.02      0.00      0.05      0.01      0.00     99.92
end------
                all      0.11      0.00      0.40      0.00      0.00     99.48
                all      0.13      0.00      0.43      0.00      0.00     99.44
                all      0.13      0.00      0.44      0.00      0.00     99.43
start----
                all      2.32      0.00     13.38      0.08      0.00     84.22
                all      0.03      0.00     47.24      0.00      0.00     52.73
                all      0.60      0.00     46.45      0.00      0.00     52.96
                all      0.52      0.00     27.21      0.00      0.00     72.27
end------
                all      0.00      0.00      0.03      0.00      0.00     99.96
                all      0.13      0.00      0.42      0.00      0.00     99.45
                all      0.15      0.00      0.42      0.00      0.00     99.43
                all      0.14      0.00      0.43      0.00      0.00     99.43
start----
                all      2.29      0.00     16.74      0.06      0.00     80.91
                all      0.03      0.00     47.23      0.00      0.00     52.73
                all      0.03      0.00     47.53      0.00      0.00     52.43
                all      0.63      0.00     46.12      0.00      0.00     53.25
                all      0.02      0.00     47.24      0.00      0.00     52.75
                all      0.95      0.00     46.28      0.00      0.00     52.77
                all      0.12      0.00      3.64      0.00      0.00     96.23
end------
                all      0.08      0.00      0.22      0.00      0.00     99.70
                all      0.13      0.00      0.44      0.00      0.00     99.43
                all      0.14      0.00      0.43      0.00      0.00     99.43
start----
                all      0.22      0.00      2.01      0.06      0.00     97.72
                all      2.25      0.00     38.98      0.03      0.00     58.74
                all      0.03      0.00     47.24      0.00      0.00     52.73
                all      0.04      0.00     47.80      0.00      0.00     52.17
                all      0.58      0.00     46.24      0.00      0.00     53.18
                all      0.02      0.00     47.23      0.00      0.00     52.75
                all      0.80      0.00     27.05      0.01      0.00     72.14
end------
                all      0.02      0.00      0.07      0.00      0.00     99.91
                all      0.14      0.00      0.45      0.00      0.00     99.42
                all      0.13      0.00      0.44      0.07      0.00     99.37
                all      0.14      0.00      0.42      0.00      0.00     99.44
start----
                all      2.31      0.00     24.30      0.08      0.00     73.32
                all      0.03      0.00     47.23      0.00      0.00     52.74
                all      0.03      0.00     47.64      0.00      0.00     52.33
                all      0.63      0.00     46.61      0.00      0.00     52.76
                all      0.02      0.00     47.24      0.00      0.00     52.75
                all      0.65      0.00     42.77      0.00      0.00     56.58
                all      0.03      0.00      0.07      0.00      0.00     99.90
end------
                all      0.09      0.00      0.33      0.00      0.00     99.58
                all      0.14      0.00      0.42      0.00      0.00     99.44
                all      0.13      0.00      0.44      0.00      0.00     99.43
start----
                all      0.55      0.00      4.24      0.11      0.00     95.11
                all      1.70      0.00     43.55      0.02      0.00     54.73
                all      0.07      0.00     47.45      0.00      0.00     52.47
                all      0.03      0.00     47.82      0.00      0.00     52.14
                all      0.03      0.00     47.87      0.00      0.00     52.09
                all      0.04      0.00     47.72      0.00      0.00     52.23
                all      0.04      0.00     47.73      0.00      0.00     52.22
                all      0.56      0.00     44.82      0.03      0.00     54.59
                all      0.02      0.00     47.25      0.00      0.00     52.73
                all      0.02      0.00     47.25      0.00      0.00     52.73
                all      0.01      0.00     47.23      0.00      0.00     52.76
                all      1.93      0.00     28.18      0.00      0.00     69.90
                all      0.10      0.00      0.18      0.01      0.00     99.70
end------
                all      0.13      0.00      0.39      0.00      0.00     99.48
                all      0.13      0.00      0.44      0.00      0.00     99.43
                all      0.13      0.00      0.43      0.00      0.00     99.44
start----
                all      2.08      0.00     14.00      0.07      0.00     83.85
                all      0.04      0.00     47.24      0.00      0.00     52.72
                all      0.04      0.00     47.47      0.00      0.00     52.49
                all      0.04      0.00     47.80      0.00      0.00     52.16
                all      0.04      0.00     47.72      0.00      0.00     52.23
                all      0.03      0.00     47.71      0.00      0.00     52.25
                all      0.65      0.00     46.08      0.04      0.00     53.23
                all      0.02      0.00     47.26      0.00      0.00     52.72
                all      0.02      0.00     47.24      0.00      0.00     52.74
                all      0.02      0.00     47.24      0.00      0.00     52.74
                all      0.02      0.00     47.23      0.00      0.00     52.75
                all      1.26      0.00     15.30      0.01      0.00     83.44
end------
                all      0.03      0.00      0.10      0.00      0.00     99.87
                all      0.13      0.00      0.43      0.00      0.00     99.44
                all      0.13      0.00      0.44      0.00      0.00     99.43
start----
                all      0.13      0.00      0.42      0.00      0.00     99.45
                all      2.28      0.00     27.43      0.06      0.00     70.23
                all      0.04      0.00     47.21      0.00      0.00     52.75
                all      0.04      0.00     47.60      0.00      0.00     52.36
                all      0.04      0.00     47.74      0.00      0.00     52.23
                all      0.03      0.00     47.75      0.01      0.00     52.20
                all      0.04      0.00     47.71      0.00      0.00     52.24
                all      0.63      0.00     46.34      0.03      0.00     53.01
                all      0.02      0.00     47.25      0.00      0.00     52.74
                all      0.02      0.00     47.24      0.00      0.00     52.74
                all      0.01      0.00     47.25      0.00      0.00     52.74
                all      1.00      0.00     46.09      0.00      0.00     52.91
                all      0.03      0.00      1.82      0.00      0.00     98.15
end------
                all      0.10      0.00      0.31      0.00      0.00     99.59
                all      0.14      0.00      0.43      0.00      0.00     99.43
                all      0.13      0.00      0.44      0.00      0.00     99.43
start----
                all      0.96      0.00     13.43      0.06      0.00     85.55
                all      8.64      0.00     62.73      0.11      0.00     28.52
                all      2.93      0.00     90.28      0.00      0.00      6.79
                all      3.81      0.00     74.86      0.00      0.00     21.33
                all      0.03      0.00      0.14      0.00      0.00     99.82
end------
                all      0.07      0.00      0.21      0.00      0.00     99.72
                all      0.13      0.00      0.43      0.00      0.00     99.44
                all      0.13      0.00      0.44      0.07      0.00     99.36
start----
                all      0.23      0.00      1.73      0.01      0.00     98.02
                all      9.76      0.00     50.83      0.09      0.00     39.33
                all      3.29      0.00     90.07      0.00      0.00      6.64
                all      3.58      0.00     87.78      0.00      0.00      8.64
                all      0.07      0.00      5.22      0.00      0.00     94.71
end------
                all      0.03      0.00      0.13      0.00      0.00     99.84
                all      0.13      0.00      0.44      0.00      0.00     99.43
                all      0.14      0.00      0.48      0.08      0.00     99.30
start----
                all      0.14      0.00      0.43      0.00      0.00     99.42
                all      4.62      0.00     41.02      0.10      0.00     54.26
                all      5.04      0.00     85.77      0.09      0.00      9.11
                all      4.98      0.00     87.91      0.00      0.00      7.11
                all      1.46      0.00     20.61      0.00      0.00     77.93
end------
                all      0.00      0.00      0.03      0.00      0.00     99.97
                all      0.13      0.00      0.44      0.00      0.00     99.43
                all      0.13      0.00      0.45      0.00      0.00     99.42
                all      0.14      0.00      0.44      0.00      0.00     99.42
start----
                all      2.97      0.00     23.78      0.11      0.00     73.14
                all      6.71      0.00     79.58      0.03      0.00     13.68
                all      0.05      0.00     94.36      0.00      0.00      5.59
                all      3.09      0.00     90.68      0.00      0.00      6.23
                all      0.19      0.00     94.13      0.00      0.00      5.67
                all      3.70      0.00     25.46      0.00      0.00     70.84
end------
                all      0.03      0.00      0.10      0.00      0.00     99.87
                all      0.14      0.00      0.43      0.00      0.00     99.44
                all      0.14      0.00      0.43      0.00      0.00     99.43
                all      0.13      0.00      0.44      0.00      0.00     99.43
start----
                all      4.05      0.00     29.62      0.16      0.00     66.17
                all      5.26      0.00     85.46      0.06      0.00      9.22
                all      0.11      0.00     94.29      0.00      0.00      5.60
                all      3.25      0.00     90.21      0.00      0.00      6.54
                all      3.44      0.00     90.27      0.00      0.00      6.29
                all      0.09      0.00     15.60      0.00      0.00     84.31
end------
                all      0.02      0.00      0.06      0.00      0.00     99.92
                all      0.14      0.00      0.42      0.00      0.00     99.44
                all      0.14      0.00      0.44      0.08      0.00     99.35
                all      0.13      0.00      0.44      0.00      0.00     99.44
start----
                all      3.19      0.00     27.34      0.14      0.00     69.33
                all      9.38      0.00     81.26      0.03      0.00      9.33
                all      0.04      0.00     94.35      0.00      0.00      5.61
                all      3.08      0.00     90.17      0.00      0.00      6.76
                all      0.90      0.00     93.31      0.00      0.00      5.79
                all      2.71      0.00     21.37      0.00      0.00     75.92
end------
                all      0.01      0.00      0.03      0.00      0.00     99.96
                all      0.11      0.00      0.41      0.00      0.00     99.47
                all      0.13      0.00      0.45      0.00      0.00     99.42
                all      0.14      0.00      0.43      0.00      0.00     99.43
start----
                all      2.95      0.00     22.24      0.15      0.00     74.66
                all      6.78      0.00     79.61      0.07      0.00     13.54
                all      0.04      0.00     94.34      0.00      0.00      5.62
                all      0.03      0.00     94.46      0.00      0.00      5.50
                all      0.04      0.00     94.70      0.00      0.00      5.26
                all      3.08      0.00     88.12      0.00      0.00      8.79
                all      0.03      0.00     94.34      0.00      0.00      5.64
                all      0.03      0.00     94.33      0.00      0.00      5.63
                all      5.24      0.00     81.74      0.00      0.00     13.02
                all      0.04      0.00      1.58      0.00      0.00     98.37
end------
                all      0.07      0.00      0.23      0.00      0.00     99.71
                all      0.14      0.00      0.42      0.00      0.00     99.44
                all      0.13      0.00      0.44      0.08      0.00     99.35
start----
                all      0.41      0.00      4.97      0.05      0.00     94.57
                all      9.27      0.00     55.99      0.08      0.00     34.66
                all      0.04      0.00     94.37      0.00      0.00      5.59
                all      0.04      0.00     94.35      0.00      0.00      5.61
                all      0.04      0.00     94.68      0.00      0.00      5.28
                all      3.23      0.00     90.56      0.00      0.00      6.22
                all      0.02      0.00     93.86      0.00      0.00      6.12
                all      0.03      0.00     94.34      0.00      0.00      5.63
                all      0.07      0.00     94.51      0.00      0.00      5.42
                all      3.92      0.00     33.26      0.00      0.00     62.82
end------
                all      0.01      0.00      0.04      0.00      0.00     99.96
                all      0.13      0.00      0.44      0.00      0.00     99.43
                all      0.14      0.00      0.44      0.06      0.00     99.35
                all      0.13      0.00      0.45      0.01      0.00     99.41
start----
                all      2.84      0.00     27.31      0.16      0.00     69.70
                all      6.69      0.00     80.81      0.03      0.00     12.46
                all      0.06      0.00     94.37      0.00      0.00      5.57
                all      0.04      0.00     94.47      0.00      0.00      5.49
                all      0.04      0.00     94.71      0.00      0.00      5.25
                all      3.01      0.00     89.11      0.00      0.00      7.88
                all      0.03      0.00     94.36      0.00      0.00      5.61
                all      0.03      0.00     94.35      0.00      0.00      5.62
                all      4.68      0.00     80.60      0.00      0.00     14.72
                all      0.04      0.00      1.65      0.00      0.00     98.31
end------
                all      0.08      0.00      0.27      0.00      0.00     99.65
                all      0.13      0.00      0.44      0.00      0.00     99.43
                all      0.13      0.00      0.44      0.00      0.00     99.43
start----
                all      0.55      0.00      8.08      0.03      0.00     91.35
                all      9.45      0.00     55.05      0.10      0.00     35.40
                all      0.04      0.00     94.35      0.00      0.00      5.61
                all      0.04      0.00     94.34      0.00      0.00      5.62
                all      0.04      0.00     94.67      0.00      0.00      5.28
                all      0.05      0.00     94.75      0.00      0.00      5.20
                all      0.04      0.00     94.71      0.00      0.00      5.25
                all      0.04      0.00     94.73      0.00      0.00      5.23
                all      0.04      0.00     94.72      0.00      0.00      5.23
                all      1.39      0.00     93.39      0.00      0.00      5.22
                all      4.36      0.00     89.10      0.00      0.00      6.55
                all      0.02      0.00     94.36      0.00      0.00      5.62
                all      0.03      0.00     94.35      0.00      0.00      5.61
                all      0.03      0.00     94.36      0.00      0.00      5.61
                all      0.03      0.00     94.35      0.00      0.00      5.62
                all      0.03      0.00     94.36      0.00      0.00      5.61
                all      3.95      0.00     66.73      0.00      0.00     29.32
                all      0.02      0.00      0.11      0.01      0.00     99.86
end------
                all      0.08      0.00      0.28      0.00      0.00     99.63
                all      0.13      0.00      0.44      0.00      0.00     99.42
                all      0.14      0.00      0.43      0.00      0.00     99.43
start----
                all      0.44      0.00      5.26      0.03      0.00     94.27
                all     10.04      0.00     50.07      0.09      0.00     39.80
                all      0.04      0.00     94.34      0.00      0.00      5.62
                all      0.04      0.00     94.36      0.00      0.00      5.60
                all      0.05      0.00     94.65      0.00      0.00      5.29
                all      0.04      0.00     94.73      0.00      0.00      5.22
                all      0.04      0.00     94.71      0.00      0.00      5.25
                all      0.04      0.00     94.72      0.00      0.00      5.24
                all      0.04      0.00     94.71      0.00      0.00      5.25
                all      0.47      0.00     94.31      0.00      0.00      5.22
                all      4.69      0.00     88.51      0.00      0.00      6.80
                all      0.03      0.00     94.35      0.00      0.00      5.63
                all      0.03      0.00     94.37      0.00      0.00      5.61
                all      0.03      0.00     94.35      0.00      0.00      5.63
                all      0.03      0.00     94.37      0.00      0.00      5.60
                all      0.03      0.00     94.34      0.00      0.00      5.63
                all      4.11      0.00     74.87      0.00      0.00     21.01
                all      0.03      0.00      0.15      0.01      0.00     99.80
end------
                all      0.06      0.00      0.20      0.00      0.00     99.74
                all      0.14      0.00      0.42      0.00      0.00     99.43
                all      0.16      0.00      0.51      0.07      0.00     99.25
start----
                all      0.20      0.00      1.53      0.04      0.00     98.23
                all      9.59      0.00     48.61      0.14      0.00     41.66
                all      0.10      0.00     94.27      0.00      0.00      5.63
                all      0.04      0.00     94.39      0.00      0.00      5.57
                all      0.04      0.00     94.64      0.00      0.00      5.32
                all      0.04      0.00     94.72      0.00      0.00      5.24
                all      0.04      0.00     94.73      0.00      0.00      5.23
                all      0.06      0.00     94.73      0.00      0.00      5.21
                all      0.04      0.00     94.71      0.00      0.00      5.25
                all      0.38      0.00     94.39      0.00      0.00      5.23
                all      2.86      0.00     89.55      0.00      0.00      7.59
                all      0.08      0.00     94.37      0.03      0.00      5.51
                all      0.13      0.00     94.36      0.00      0.00      5.51
                all      0.03      0.00     94.37      0.00      0.00      5.60
                all      0.03      0.00     94.34      0.00      0.00      5.62
                all      0.03      0.00     94.35      0.00      0.00      5.62
                all      4.58      0.00     74.11      0.00      0.00     21.31
                all      0.03      0.00      0.16      0.00      0.00     99.81
end------
                all      0.06      0.00      0.22      0.00      0.00     99.73
                all      0.15      0.00      0.43      0.00      0.00     99.42
                all      0.13      0.00      0.45      0.08      0.00     99.34
                all      0.13      0.00      0.36      0.00      0.00     99.51
End of data collecting unexpected
