
Linux 5.2.8200225+ (knl03.kisti.re.kr) 	2020년 04월 05일 	_x86_64_	(272 CPU)

                CPU     %user     %nice   %system   %iowait    %steal     %idle
                all      0.03      0.00      0.10      0.00      0.00     99.87
                all      0.03      0.00      0.09      0.15      0.00     99.73
                all      0.01      0.00      0.08      0.37      0.00     99.54
                all      0.02      0.00      0.07      0.37      0.00     99.54
                all      0.02      0.00      0.08      0.03      0.00     99.87
                all      0.02      0.00      0.14      0.25      0.00     99.60
                all      0.03      0.00      0.11      0.04      0.00     99.82
                all      0.03      0.00      0.12      0.00      0.00     99.85
                all      0.09      0.00      0.17      0.07      0.00     99.67
                all      0.02      0.00      0.18      0.01      0.00     99.78
                all      0.01      0.00      0.07      0.00      0.00     99.91
                all      0.02      0.00      0.07      0.00      0.00     99.91
start----
                all      0.08      0.00      0.77      0.02      0.00     99.13
                all      0.07      0.00      2.87      0.00      0.00     97.06
                all      0.02      0.00      0.09      0.00      0.00     99.89
                all      0.01      0.00      0.08      0.00      0.00     99.91
                all      0.02      0.00      0.07      0.00      0.00     99.91
                all      0.02      0.00      0.07      0.00      0.00     99.91
                all      0.08      0.00      1.54      0.02      0.00     98.36
                all      0.08      0.00      1.97      0.00      0.00     97.95
end------
                all      0.02      0.00      0.12      0.00      0.00     99.86
                all      0.12      0.00      0.45      0.00      0.00     99.43
                all      0.11      0.00      0.45      0.07      0.00     99.36
start----
                all      0.11      0.00      0.43      0.00      0.00     99.45
                all      0.10      0.00      2.44      0.01      0.00     97.45
                all      0.04      0.00      1.10      0.00      0.00     98.86
end------
                all      0.06      0.00      0.24      0.00      0.00     99.70
                all      0.12      0.00      0.45      0.00      0.00     99.43
                all      0.12      0.00      0.46      0.07      0.00     99.35
start----
                all      0.14      0.00      0.65      0.02      0.00     99.20
                all      0.04      0.00      3.01      0.00      0.00     96.96
                all      0.08      0.00      2.99      0.00      0.00     96.93
                all      0.06      0.00      0.72      0.00      0.00     99.21
end------
                all      0.07      0.00      0.31      0.00      0.00     99.63
                all      0.11      0.00      0.46      0.00      0.00     99.43
                all      0.11      0.00      0.47      0.07      0.00     99.35
start----
                all      0.14      0.00      0.93      0.02      0.00     98.90
                all      0.03      0.00      3.00      0.00      0.00     96.96
                all      0.04      0.00      3.00      0.00      0.00     96.97
                all      0.04      0.00      0.18      0.00      0.00     99.77
end------
                all      0.07      0.00      0.33      0.00      0.00     99.60
                all      0.11      0.00      0.46      0.00      0.00     99.43
                all      0.11      0.00      0.46      0.00      0.00     99.42
start----
                all      0.11      0.00      0.93      0.01      0.00     98.94
                all      0.03      0.00      3.00      0.00      0.00     96.96
                all      0.06      0.00      2.97      0.00      0.00     96.97
                all      0.05      0.00      0.20      0.00      0.00     99.75
end------
                all      0.06      0.00      0.31      0.00      0.00     99.62
                all      0.11      0.00      0.45      0.00      0.00     99.43
                all      0.13      0.00      0.46      0.00      0.00     99.41
start----
                all      0.13      0.00      0.94      0.02      0.00     98.92
                all      0.04      0.00      3.00      0.00      0.00     96.96
                all      0.03      0.00      3.28      0.00      0.00     96.69
                all      0.09      0.00      3.42      0.00      0.00     96.49
                all      0.01      0.00      3.02      0.00      0.00     96.97
                all      0.05      0.00      1.13      0.00      0.00     98.81
end------
                all      0.03      0.00      0.14      0.00      0.00     99.82
                all      0.10      0.00      0.46      0.00      0.00     99.43
                all      0.11      0.00      0.47      0.07      0.00     99.36
start----
                all      0.10      0.00      0.44      0.00      0.00     99.45
                all      0.08      0.00      2.59      0.02      0.00     97.31
                all      0.04      0.00      3.08      0.00      0.00     96.89
                all      0.03      0.00      3.59      0.00      0.00     96.39
                all      0.07      0.00      3.10      0.00      0.00     96.84
                all      0.06      0.00      2.11      0.00      0.00     97.83
                all      0.01      0.00      0.04      0.00      0.00     99.95
end------
                all      0.10      0.00      0.42      0.00      0.00     99.48
                all      0.11      0.00      0.46      0.00      0.00     99.43
                all      0.11      0.00      0.46      0.00      0.00     99.42
start----
                all      0.10      0.00      1.84      0.02      0.00     98.05
                all      0.03      0.00      3.01      0.00      0.00     96.96
                all      0.04      0.00      3.50      0.00      0.00     96.46
                all      0.08      0.00      3.25      0.00      0.00     96.66
                all      0.06      0.00      2.98      0.00      0.00     96.96
                all      0.03      0.00      0.08      0.00      0.00     99.89
end------
                all      0.10      0.00      0.39      0.00      0.00     99.51
                all      0.11      0.00      0.46      0.00      0.00     99.43
                all      0.12      0.00      0.45      0.00      0.00     99.43
start----
                all      0.11      0.00      1.49      0.02      0.00     98.37
                all      0.04      0.00      3.03      0.00      0.00     96.93
                all      0.03      0.00      3.40      0.00      0.00     96.57
                all      0.04      0.00      3.61      0.00      0.00     96.35
                all      0.03      0.00      3.59      0.00      0.00     96.38
                all      0.03      0.00      3.62      0.00      0.00     96.35
                all      0.03      0.00      2.08      1.43      0.00     96.47
                all      0.20      0.00      2.35      0.70      0.00     96.74
                all      0.01      0.00      3.02      0.00      0.00     96.97
                all      0.01      0.00      3.02      0.00      0.00     96.96
                all      0.39      0.00      1.49      0.00      0.00     98.12
end------
                all      0.01      0.00      0.04      0.00      0.00     99.95
                all      0.11      0.00      0.46      0.00      0.00     99.43
                all      0.11      0.00      0.46      0.07      0.00     99.36
                all      0.15      0.00      0.53      0.01      0.00     99.31
start----
                all      0.08      0.00      2.10      0.02      0.00     97.80
                all      0.04      0.00      3.00      0.00      0.00     96.96
                all      0.03      0.00      3.44      0.00      0.00     96.53
                all      0.05      0.00      3.50      0.00      0.00     96.45
                all      0.03      0.00      3.45      0.00      0.00     96.51
                all      0.04      0.00      3.51      0.00      0.00     96.44
                all      0.03      0.00      1.77      1.62      0.00     96.58
                all      0.39      0.00      2.68      0.09      0.00     96.84
                all      0.02      0.00      3.01      0.00      0.00     96.97
                all      0.01      0.00      3.03      0.00      0.00     96.96
                all      0.23      0.00      0.71      0.00      0.00     99.06
end------
                all      0.06      0.00      0.27      0.00      0.00     99.66
                all      0.12      0.00      0.46      0.00      0.00     99.42
                all      0.11      0.00      0.46      0.00      0.00     99.43
start----
                all      0.13      0.00      0.79      0.02      0.00     99.07
                all      0.03      0.00      3.00      0.00      0.00     96.97
                all      0.03      0.00      3.18      0.00      0.00     96.79
                all      0.03      0.00      3.62      0.00      0.00     96.35
                all      0.03      0.00      3.50      0.01      0.00     96.46
                all      0.03      0.00      3.53      0.00      0.00     96.44
                all      0.03      0.00      2.88      0.71      0.00     96.38
                all      1.21      0.00      1.47      0.83      0.00     96.48
                all      0.02      0.00      3.05      0.00      0.00     96.93
                all      0.02      0.00      3.01      0.00      0.00     96.97
                all      0.03      0.00      3.01      0.00      0.00     96.97
                all      0.23      0.00      0.19      0.00      0.00     99.57
end------
                all      0.06      0.00      0.26      0.00      0.00     99.67
                all      0.12      0.00      0.45      0.00      0.00     99.43
                all      0.12      0.00      0.45      0.07      0.00     99.35
start----
                all      0.17      0.00      1.01      0.03      0.00     98.79
                all      0.07      0.00      4.51      0.00      0.00     95.42
end------
                all      0.01      0.00      0.04      0.00      0.00     99.95
                all      0.11      0.00      0.45      0.00      0.00     99.44
                all      0.12      0.00      0.45      0.07      0.00     99.36
                all      0.13      0.00      0.45      0.00      0.00     99.42
start----
                all      0.14      0.00      4.09      0.02      0.00     95.75
                all      0.04      0.00      1.15      0.00      0.00     98.81
end------
                all      0.08      0.00      0.34      0.00      0.00     99.58
                all      0.12      0.00      0.45      0.00      0.00     99.43
                all      0.11      0.00      0.45      0.00      0.00     99.43
start----
                all      0.15      0.00      1.74      0.03      0.00     98.07
                all      0.07      0.00      3.67      0.00      0.00     96.25
end------
                all      0.04      0.00      0.15      0.00      0.00     99.81
                all      0.11      0.00      0.46      0.00      0.00     99.42
                all      0.11      0.00      0.46      0.00      0.00     99.42
start----
                all      0.11      0.00      0.43      0.00      0.00     99.46
                all      0.18      0.00      4.90      0.02      0.00     94.91
                all      0.09      0.00      5.11      0.00      0.00     94.80
end------
                all      0.01      0.00      0.04      0.00      0.00     99.95
                all      0.11      0.00      0.43      0.00      0.00     99.47
                all      0.11      0.00      0.45      0.04      0.00     99.40
                all      0.13      0.00      0.45      0.03      0.00     99.39
start----
                all      0.16      0.00      3.48      0.03      0.00     96.34
                all      0.06      0.00      5.95      0.00      0.00     93.99
                all      0.05      0.00      0.64      0.00      0.00     99.32
end------
                all      0.09      0.00      0.39      0.00      0.00     99.52
                all      0.13      0.00      0.46      0.00      0.00     99.42
                all      0.11      0.00      0.47      0.00      0.00     99.42
start----
                all      0.14      0.00      2.22      0.02      0.00     97.61
                all      0.38      0.00      5.72      0.00      0.00     93.90
                all      0.05      0.00      2.43      0.00      0.00     97.51
end------
                all      0.06      0.00      0.21      0.00      0.00     99.73
                all      0.13      0.00      0.44      0.00      0.00     99.43
                all      0.13      0.00      0.46      0.00      0.00     99.41
start----
                all      0.12      0.00      0.57      0.02      0.00     99.28
                all      0.10      0.00      5.87      0.00      0.00     94.03
                all      1.06      0.00      5.46      0.00      0.00     93.48
                all      0.41      0.00      5.68      0.00      0.00     93.92
                all      0.21      0.00      3.84      0.00      0.00     95.95
end------
                all      0.02      0.00      0.12      0.00      0.00     99.86
                all      0.13      0.00      0.44      0.00      0.00     99.43
                all      0.11      0.00      0.45      0.00      0.00     99.44
start----
                all      0.12      0.00      0.42      0.00      0.00     99.46
                all      0.15      0.00      4.69      0.01      0.00     95.15
                all      0.16      0.00      6.23      0.00      0.00     93.61
                all      0.21      0.00      5.85      0.00      0.00     93.94
                all      0.22      0.00      3.56      0.00      0.00     96.21
end------
                all      0.01      0.00      0.06      0.00      0.00     99.92
                all      0.11      0.00      0.46      0.00      0.00     99.44
                all      0.11      0.00      0.45      0.00      0.00     99.44
                all      0.12      0.00      0.45      0.00      0.00     99.43
start----
                all      0.15      0.00      3.76      0.02      0.00     96.06
                all      0.05      0.00      6.22      0.00      0.00     93.73
                all      0.30      0.00      5.90      0.00      0.00     93.80
                all      0.22      0.00      4.58      0.00      0.00     95.20
end------
                all      0.00      0.00      0.03      0.00      0.00     99.97
                all      0.11      0.00      0.46      0.00      0.00     99.42
                all      0.12      0.00      0.45      0.06      0.00     99.37
                all      0.11      0.00      0.46      0.01      0.00     99.42
start----
                all      0.16      0.00      3.84      0.02      0.00     95.98
                all      0.05      0.00      6.21      0.00      0.00     93.74
                all      0.04      0.00      6.47      0.00      0.00     93.49
                all      0.04      0.00      4.68      1.70      0.00     93.58
                all      1.59      0.00      3.03      1.68      0.00     93.70
                all      0.03      0.00      6.01      0.00      0.00     93.96
                all      0.01      0.00      5.97      0.00      0.00     94.01
                all      0.18      0.00      5.81      0.00      0.00     94.01
                all      0.02      0.00      0.08      0.01      0.00     99.89
end------
                all      0.07      0.00      0.34      0.00      0.00     99.59
                all      0.11      0.00      0.45      0.00      0.00     99.44
                all      0.11      0.00      0.46      0.00      0.00     99.43
start----
                all      0.19      0.00      1.69      0.02      0.00     98.10
                all      0.05      0.00      6.03      0.00      0.00     93.92
                all      0.05      0.00      6.44      0.00      0.00     93.51
                all      0.04      0.00      5.94      0.50      0.00     93.51
                all      0.75      0.00      2.90      2.86      0.00     93.49
                all      0.02      0.00      6.07      0.00      0.00     93.91
                all      0.01      0.00      5.98      0.00      0.00     94.00
                all      0.01      0.00      5.99      0.00      0.00     94.00
                all      0.39      0.00      0.84      0.00      0.00     98.77
end------
                all      0.05      0.00      0.20      0.00      0.00     99.75
                all      0.12      0.00      0.45      0.00      0.00     99.42
                all      0.12      0.00      0.44      0.07      0.00     99.37
start----
                all      0.14      0.00      0.59      0.02      0.00     99.24
                all      0.10      0.00      5.87      0.00      0.00     94.03
                all      0.05      0.00      6.46      0.00      0.00     93.49
                all      0.05      0.00      6.44      0.12      0.00     93.39
                all      0.03      0.00      3.14      3.26      0.00     93.57
                all      0.66      0.00      5.16      0.31      0.00     93.88
                all      0.04      0.00      6.04      0.00      0.00     93.92
                all      0.02      0.00      5.99      0.00      0.00     93.99
                all      0.56      0.00      2.30      0.00      0.00     97.14
end------
                all      0.06      0.00      0.22      0.00      0.00     99.73
                all      0.12      0.00      0.45      0.00      0.00     99.42
                all      0.11      0.00      0.46      0.00      0.00     99.43
start----
                all      0.11      0.00      0.40      0.01      0.00     99.48
                all      0.39      0.00      9.25      0.01      0.00     90.34
end------
                all      0.00      0.00      0.04      0.00      0.00     99.96
                all      0.11      0.00      0.44      0.00      0.00     99.45
                all      0.11      0.00      0.45      0.00      0.00     99.44
                all      0.11      0.00      0.45      0.00      0.00     99.44
start----
                all      0.29      0.00      6.35      0.02      0.00     93.33
                all      0.06      0.00      2.94      0.00      0.00     97.00
end------
                all      0.06      0.00      0.28      0.00      0.00     99.66
                all      0.11      0.00      0.45      0.00      0.00     99.44
                all      0.10      0.00      0.48      0.07      0.00     99.35
start----
                all      0.31      0.00      2.14      0.03      0.00     97.52
                all      0.13      0.00      7.37      0.00      0.00     92.50
end------
                all      0.02      0.00      0.12      0.00      0.00     99.86
                all      0.12      0.00      0.44      0.00      0.00     99.44
                all      0.11      0.00      0.45      0.07      0.00     99.36
start----
                all      0.11      0.00      0.44      0.00      0.00     99.45
                all      0.34      0.00      9.07      0.03      0.00     90.55
                all      0.07      0.00      8.61      0.00      0.00     91.31
end------
                all      0.02      0.00      0.08      0.01      0.00     99.89
                all      0.20      0.00      0.67      0.00      0.00     99.13
                all      0.20      0.00      0.56      0.01      0.00     99.22
                all      0.14      0.00      0.56      0.07      0.00     99.23
start----
                all      0.30      0.00      8.19      0.03      0.00     91.48
                all      0.21      0.00      9.57      0.02      0.00     90.20
end------
                all      0.01      0.00      0.10      0.02      0.00     99.87
                all      0.12      0.00      0.50      0.01      0.00     99.37
                all      0.11      0.00      0.47      0.00      0.00     99.42
                all      0.11      0.00      0.46      0.00      0.00     99.42
start----
                all      0.30      0.00      5.13      0.03      0.00     94.55
                all      0.20      0.00     11.85      0.03      0.00     87.93
                all      0.12      0.00      1.45      0.09      0.00     98.34
end------
                all      0.09      0.00      0.35      0.00      0.00     99.56
                all      0.11      0.00      0.46      0.00      0.00     99.43
                all      0.12      0.00      0.48      0.01      0.00     99.39
start----
                all      0.32      0.00      2.03      0.04      0.00     97.61
                all      0.06      0.00     12.04      0.00      0.00     87.90
                all      0.32      0.00     11.79      0.00      0.00     87.90
                all      0.30      0.00      9.82      0.01      0.00     89.86
end------
                all      0.03      0.00      0.21      0.09      0.00     99.67
                all      0.12      0.00      0.44      0.00      0.00     99.44
                all      0.12      0.00      0.46      0.00      0.00     99.42
                all      0.11      0.00      0.47      0.00      0.00     99.41
start----
                all      0.28      0.00      6.43      0.04      0.00     93.25
                all      0.51      0.00     11.73      0.00      0.00     87.76
                all      0.02      0.00     11.91      0.00      0.00     88.07
                all      0.36      0.00      5.56      0.03      0.00     94.05
end------
                all      0.05      0.00      0.23      0.01      0.00     99.71
                all      0.13      0.00      0.59      0.04      0.00     99.24
                all      0.12      0.00      0.46      0.00      0.00     99.42
start----
                all      0.10      0.00      0.42      0.01      0.00     99.47
                all      0.28      0.00     10.18      0.03      0.00     89.51
                all      0.38      0.00     11.87      0.01      0.00     87.75
                all      0.02      0.00     11.90      0.00      0.00     88.08
                all      0.28      0.00      1.56      0.01      0.00     98.14
end------
                all      0.15      0.00      0.42      0.01      0.00     99.41
                all      0.12      0.00      0.44      0.00      0.00     99.44
                all      0.12      0.00      0.45      0.00      0.00     99.43
start----
                all      0.28      0.00      2.57      0.02      0.00     97.13
                all      0.11      0.00     12.13      0.00      0.00     87.76
                all      0.12      0.00     12.49      0.00      0.00     87.38
                all      2.02      0.00      6.78      3.56      0.00     87.65
                all      0.01      0.00     11.95      0.00      0.00     88.04
                all      0.02      0.00     11.88      0.00      0.00     88.11
                all      0.01      0.00     11.87      0.00      0.00     88.11
                all      0.46      0.00      1.23      0.00      0.00     98.31
end------
                all      0.08      0.00      0.35      0.00      0.00     99.58
                all      0.11      0.00      0.45      0.00      0.00     99.44
                all      0.12      0.00      0.45      0.01      0.00     99.42
start----
                all      0.39      0.00      3.10      0.05      0.00     96.46
                all      0.05      0.00     12.06      0.00      0.00     87.89
                all      0.05      0.00     12.42      0.00      0.00     87.53
                all      1.37      0.00      7.48      3.50      0.00     87.65
                all      0.02      0.00     11.93      0.00      0.00     88.05
                all      0.02      0.00     11.87      0.00      0.00     88.11
                all      0.45      0.00     11.45      0.00      0.00     88.10
                all      0.07      0.00      0.24      0.00      0.00     99.69
end------
                all      0.08      0.00      0.32      0.00      0.00     99.60
                all      0.12      0.00      0.45      0.00      0.00     99.43
                all      0.12      0.00      0.44      0.00      0.00     99.44
start----
                all      0.31      0.00      2.57      0.03      0.00     97.09
                all      0.06      0.00     12.06      0.00      0.00     87.88
                all      0.05      0.00     12.38      0.00      0.00     87.58
                all      0.90      0.00      7.95      3.48      0.00     87.67
                all      0.02      0.00     11.93      0.00      0.00     88.05
                all      0.01      0.00     11.88      0.00      0.00     88.10
                all      0.52      0.00     11.33      0.00      0.00     88.15
                all      0.03      0.00      0.07      0.00      0.00     99.90
end------
                all      0.09      0.00      0.40      0.00      0.00     99.51
                all      0.11      0.00      0.46      0.00      0.00     99.43
                all      0.11      0.00      0.46      0.00      0.00     99.43
start----
                all      0.66      0.00      8.51      0.05      0.00     90.77
                all      0.32      0.00     10.49      0.00      0.00     89.19
end------
                all      0.03      0.00      0.17      0.00      0.00     99.80
                all      0.12      0.00      0.45      0.00      0.00     99.43
                all      0.11      0.00      0.45      0.00      0.00     99.44
start----
                all      0.11      0.00      0.41      0.01      0.00     99.47
                all      0.78      0.00     18.78      0.03      0.00     80.41
end------
                all      0.01      0.00      0.04      0.00      0.00     99.94
                all      0.11      0.00      0.46      0.00      0.00     99.44
                all      0.12      0.00      0.45      0.00      0.00     99.43
                all      0.12      0.00      0.45      0.00      0.00     99.43
start----
                all      0.75      0.00      9.98      0.05      0.00     89.22
                all      0.13      0.00      9.13      0.00      0.00     90.74
end------
                all      0.05      0.00      0.24      0.00      0.00     99.71
                all      0.12      0.00      0.45      0.00      0.00     99.44
                all      0.12      0.00      0.44      0.00      0.00     99.44
start----
                all      0.15      0.00      0.99      0.04      0.00     98.82
                all      0.59      0.00     21.71      0.01      0.00     77.69
                all      0.12      0.00     13.21      0.00      0.00     86.67
end------
                all      0.03      0.00      0.14      0.00      0.00     99.82
                all      0.13      0.00      0.45      0.00      0.00     99.42
                all      0.12      0.00      0.45      0.00      0.00     99.43
start----
                all      0.11      0.00      0.41      0.00      0.00     99.47
                all      0.77      0.00     18.39      0.10      0.00     80.74
                all      0.15      0.00     17.09      0.00      0.00     82.76
end------
                all      0.01      0.00      0.07      0.00      0.00     99.93
                all      0.11      0.00      0.45      0.00      0.00     99.44
                all      0.12      0.00      0.46      0.00      0.00     99.42
                all      0.11      0.00      0.45      0.00      0.00     99.44
start----
                all      0.60      0.00     14.38      0.06      0.00     84.96
                all      0.29      0.00     21.22      0.00      0.00     78.49
end------
                all      0.01      0.00      0.05      0.00      0.00     99.93
                all      0.10      0.00      0.44      0.00      0.00     99.46
                all      0.11      0.00      0.45      0.00      0.00     99.43
                all      0.12      0.00      0.44      0.00      0.00     99.44
start----
                all      0.54      0.00     10.36      0.04      0.00     89.05
                all      0.91      0.00     23.09      0.00      0.00     76.00
                all      0.01      0.00     23.70      0.00      0.00     76.29
                all      0.19      0.00     12.37      0.00      0.00     87.44
end------
                all      0.01      0.00      0.06      0.00      0.00     99.93
                all      0.12      0.00      0.46      0.00      0.00     99.42
                all      0.12      0.00      0.45      0.07      0.00     99.36
                all      0.12      0.00      0.45      0.00      0.00     99.44
start----
                all      0.69      0.00     14.05      0.05      0.00     85.22
                all      0.46      0.00     23.55      0.00      0.00     75.99
                all      0.01      0.00     23.69      0.00      0.00     76.30
                all      0.30      0.00      8.14      0.00      0.00     91.56
end------
                all      0.06      0.00      0.24      0.00      0.00     99.70
                all      0.11      0.00      0.46      0.00      0.00     99.43
                all      0.11      0.00      0.46      0.00      0.00     99.43
start----
                all      0.20      0.00      1.49      0.10      0.00     98.22
                all      0.55      0.00     21.99      0.01      0.00     77.45
                all      0.53      0.00     23.29      0.00      0.00     76.18
                all      0.34      0.00     22.95      0.00      0.00     76.71
end------
                all      0.03      0.00      0.06      0.00      0.00     99.91
                all      0.11      0.00      0.41      0.00      0.00     99.48
                all      0.11      0.00      0.45      0.00      0.00     99.44
                all      0.12      0.00      0.45      0.00      0.00     99.43
start----
                all      0.67      0.00      7.96      0.06      0.00     91.31
                all      0.05      0.00     23.92      0.00      0.00     76.03
                all      0.05      0.00     24.20      0.00      0.00     75.75
                all      1.63      0.00     22.37      0.00      0.00     76.01
                all      0.02      0.00     23.69      0.00      0.00     76.30
                all      0.01      0.00     23.69      0.00      0.00     76.30
                all      0.44      0.00     12.32      0.00      0.00     87.23
end------
                all      0.04      0.00      0.17      0.00      0.00     99.79
                all      0.12      0.00      0.44      0.00      0.00     99.44
                all      0.11      0.00      0.45      0.00      0.00     99.43
start----
                all      0.10      0.00      0.42      0.00      0.00     99.48
                all      0.58      0.00     18.69      0.03      0.00     80.70
                all      0.06      0.00     24.22      0.00      0.00     75.73
                all      0.47      0.00     23.44      0.01      0.00     76.08
                all      0.02      0.00     23.71      0.01      0.00     76.26
                all      0.01      0.00     23.69      0.00      0.00     76.30
                all      0.23      0.00     23.48      0.00      0.00     76.29
                all      0.36      0.00      0.87      0.01      0.00     98.77
end------
                all      0.07      0.00      0.26      0.00      0.00     99.67
                all      0.11      0.00      0.45      0.00      0.00     99.44
                all      0.12      0.00      0.45      0.07      0.00     99.36
start----
                all      0.64      0.00      2.36      0.07      0.00     96.93
                all      0.07      0.00     23.79      0.00      0.00     76.14
                all      0.05      0.00     24.14      0.00      0.00     75.81
                all      0.50      0.00     23.44      0.02      0.00     76.03
                all      0.02      0.00     23.70      0.00      0.00     76.29
                all      0.04      0.00     23.80      0.00      0.00     76.17
                all      0.49      0.00     16.83      0.00      0.00     82.68
end------
                all      0.02      0.00      0.08      0.00      0.00     99.90
                all      0.13      0.00      0.45      0.00      0.00     99.42
                all      0.11      0.00      0.46      0.00      0.00     99.43
                all      0.12      0.00      0.45      0.00      0.00     99.44
start----
                all      1.96      0.00     22.55      0.05      0.00     75.44
                all      0.90      0.00     29.82      0.00      0.00     69.27
end------
                all      0.01      0.00      0.04      0.00      0.00     99.94
                all      0.12      0.00      0.45      0.00      0.00     99.43
                all      0.12      0.00      0.44      0.00      0.00     99.44
                all      0.11      0.00      0.45      0.00      0.00     99.43
start----
                all      1.87      0.00     23.12      0.06      0.00     74.95
                all      0.94      0.00     28.62      0.00      0.00     70.43
end------
                all      0.01      0.00      0.05      0.00      0.00     99.94
                all      0.12      0.00      0.44      0.00      0.00     99.44
                all      0.13      0.00      0.46      0.07      0.00     99.35
                all      0.13      0.00      0.44      0.00      0.00     99.43
start----
                all      2.02      0.00     25.39      0.09      0.00     72.50
                all      0.75      0.00     26.67      0.01      0.00     72.57
end------
                all      0.02      0.00      0.07      0.00      0.00     99.91
                all      0.12      0.00      0.45      0.00      0.00     99.44
                all      0.12      0.00      0.44      0.00      0.00     99.44
                all      0.12      0.00      0.45      0.00      0.00     99.42
start----
                all      2.07      0.00     25.60      0.06      0.00     72.27
                all      0.40      0.00     46.08      0.00      0.00     53.53
                all      0.58      0.00     21.65      0.00      0.00     77.77
end------
                all      0.03      0.00      0.12      0.00      0.00     99.85
                all      0.11      0.00      0.45      0.00      0.00     99.43
                all      0.13      0.00      0.44      0.07      0.00     99.37
start----
                all      0.10      0.00      0.42      0.00      0.00     99.48
                all      2.06      0.00     31.88      0.08      0.00     65.97
                all      0.43      0.00     45.93      0.00      0.00     53.65
                all      0.56      0.00     15.97      0.00      0.00     83.47
end------
                all      0.04      0.00      0.18      0.00      0.00     99.78
                all      0.12      0.00      0.44      0.00      0.00     99.44
                all      0.12      0.00      0.46      0.00      0.00     99.41
start----
                all      0.12      0.00      0.47      0.01      0.00     99.40
                all      2.14      0.00     37.32      0.07      0.00     60.47
                all      0.39      0.00     45.84      0.00      0.00     53.77
                all      0.54      0.00     10.16      0.00      0.00     89.30
end------
                all      0.06      0.00      0.23      0.00      0.00     99.71
                all      0.13      0.00      0.44      0.00      0.00     99.44
                all      0.12      0.00      0.45      0.00      0.00     99.43
start----
                all      0.35      0.00      4.06      0.04      0.00     95.55
                all      1.86      0.00     39.76      0.03      0.00     58.34
                all      0.48      0.00     45.57      0.05      0.00     53.90
                all      0.02      0.00     46.25      0.00      0.00     53.73
                all      1.79      0.00     40.71      0.00      0.00     57.50
                all      0.03      0.00      0.07      0.01      0.00     99.89
end------
                all      0.10      0.00      0.38      0.00      0.00     99.52
                all      0.12      0.00      0.44      0.00      0.00     99.44
                all      0.13      0.00      0.45      0.00      0.00     99.43
start----
                all      2.19      0.00     10.48      0.05      0.00     87.27
                all      0.05      0.00     47.38      0.00      0.00     52.58
                all      0.44      0.00     45.31      0.00      0.00     54.25
                all      0.02      0.00     46.27      0.00      0.00     53.71
                all      1.62      0.00     26.14      0.00      0.00     72.23
end------
                all      0.01      0.00      0.09      0.00      0.00     99.89
                all      0.11      0.00      0.46      0.00      0.00     99.43
                all      0.12      0.00      0.44      0.07      0.00     99.36
                all      0.14      0.00      0.52      0.00      0.00     99.34
start----
                all      2.17      0.00     26.78      0.14      0.00     70.91
                all      0.07      0.00     47.62      0.00      0.00     52.32
                all      0.46      0.00     45.05      0.00      0.00     54.49
                all      0.14      0.00     46.58      0.02      0.00     53.27
                all      1.34      0.00     12.11      0.00      0.00     86.54
end------
                all      0.05      0.00      0.21      0.00      0.00     99.74
                all      0.13      0.00      0.44      0.00      0.00     99.44
                all      0.12      0.00      0.45      0.00      0.00     99.43
start----
                all      0.13      0.00      0.91      0.01      0.00     98.94
                all      2.06      0.00     37.91      0.03      0.00     60.00
                all      0.05      0.00     47.68      0.00      0.00     52.27
                all      0.04      0.00     47.82      0.00      0.00     52.14
                all      1.43      0.00     45.32      0.00      0.00     53.25
                all      0.02      0.00     46.28      0.00      0.00     53.71
                all      0.02      0.00     46.28      0.00      0.00     53.70
                all      0.02      0.00     46.20      0.00      0.00     53.78
                all      0.63      0.00     28.90      0.01      0.00     70.47
end------
                all      0.01      0.00      0.06      0.00      0.00     99.92
                all      0.12      0.00      0.45      0.00      0.00     99.43
                all      0.13      0.00      0.43      0.07      0.00     99.37
                all      0.13      0.00      0.44      0.00      0.00     99.43
start----
                all      2.04      0.00     23.59      0.09      0.00     74.27
                all      0.05      0.00     47.51      0.00      0.00     52.44
                all      0.05      0.00     47.83      0.00      0.00     52.12
                all      1.60      0.00     45.58      0.00      0.00     52.82
                all      0.01      0.00     46.28      0.00      0.00     53.71
                all      0.02      0.00     46.25      0.00      0.00     53.73
                all      0.01      0.00     46.18      0.00      0.00     53.81
                all      0.71      0.00     44.54      0.00      0.00     54.75
                all      0.02      0.00      0.48      0.00      0.00     99.49
end------
                all      0.10      0.00      0.33      0.00      0.00     99.56
                all      0.14      0.00      0.42      0.00      0.00     99.44
                all      0.13      0.00      0.44      0.08      0.00     99.35
start----
                all      1.76      0.00      8.72      0.11      0.00     89.41
                all      0.36      0.00     46.36      0.00      0.00     53.30
                all      0.04      0.00     47.84      0.00      0.00     52.12
                all      0.06      0.00     47.81      0.00      0.00     52.13
                all      1.47      0.00     44.35      0.00      0.00     54.18
                all      0.01      0.00     46.25      0.00      0.00     53.73
                all      0.02      0.00     46.25      0.00      0.00     53.74
                all      0.02      0.00     46.21      0.00      0.00     53.77
                all      0.91      0.00     14.51      0.00      0.00     84.58
end------
                all      0.03      0.00      0.15      0.00      0.00     99.82
                all      0.11      0.00      0.45      0.00      0.00     99.44
                all      0.13      0.00      0.45      0.07      0.00     99.35
start----
                all      0.11      0.00      0.41      0.01      0.00     99.48
                all      6.50      0.00     38.00      0.14      0.00     55.36
                all      6.22      0.00     80.53      0.02      0.00     13.23
                all      5.63      0.00     47.92      0.01      0.00     46.45
                all      0.02      0.00      0.07      0.00      0.00     99.91
end------
                all      0.11      0.00      0.41      0.00      0.00     99.48
                all      0.13      0.00      0.44      0.00      0.00     99.44
                all      0.13      0.00      0.44      0.00      0.00     99.43
start----
                all      1.21      0.00     11.42      0.02      0.00     87.35
                all      8.76      0.00     76.93      0.19      0.00     14.12
                all      7.79      0.00     78.38      0.00      0.00     13.82
                all      0.07      0.00      6.82      0.00      0.00     93.11
end------
                all      0.06      0.00      0.23      0.00      0.00     99.71
                all      0.14      0.00      0.43      0.00      0.00     99.44
                all      0.14      0.00      0.52      0.00      0.00     99.33
start----
                all      0.14      0.00      1.05      0.02      0.00     98.78
                all      9.56      0.00     47.91      0.15      0.00     42.38
                all      2.62      0.00     87.75      0.00      0.00      9.63
                all      4.46      0.00     35.01      0.00      0.00     60.53
                all      0.03      0.00      0.08      0.00      0.00     99.89
end------
                all      0.10      0.00      0.36      0.00      0.00     99.54
                all      0.15      0.00      0.42      0.00      0.00     99.44
                all      0.14      0.00      0.43      0.00      0.00     99.43
start----
                all      0.97      0.00     13.75      0.07      0.00     85.21
                all      8.18      0.00     71.65      0.16      0.00     20.01
                all      2.75      0.00     88.52      0.00      0.00      8.73
                all      0.46      0.00     86.97      0.00      0.00     12.57
                all      3.79      0.00     27.94      0.00      0.00     68.26
end------
                all      0.01      0.00      0.06      0.00      0.00     99.93
                all      0.13      0.00      0.45      0.00      0.00     99.42
                all      0.14      0.00      0.44      0.00      0.00     99.42
                all      0.14      0.00      0.44      0.00      0.00     99.43
start----
                all      4.28      0.00     28.72      0.13      0.00     66.88
                all      4.97      0.00     85.79      0.24      0.00      8.99
                all      3.19      0.00     86.49      0.00      0.00     10.32
                all      6.35      0.00     81.39      0.00      0.00     12.26
                all      0.07      0.00      7.72      0.00      0.00     92.20
end------
                all      0.03      0.00      0.10      0.00      0.00     99.87
                all      0.13      0.00      0.44      0.00      0.00     99.43
                all      0.14      0.00      0.44      0.07      0.00     99.35
start----
                all      0.13      0.00      0.42      0.00      0.00     99.45
                all      5.15      0.00     33.02      0.12      0.00     61.71
                all      4.18      0.00     87.01      0.08      0.00      8.74
                all      3.77      0.00     84.03      0.00      0.00     12.20
                all      6.04      0.00     76.62      0.00      0.00     17.34
                all      0.05      0.00      3.23      0.00      0.00     96.71
end------
                all      0.07      0.00      0.23      0.00      0.00     99.70
                all      0.13      0.00      0.43      0.00      0.00     99.44
                all      0.13      0.00      0.44      0.07      0.00     99.36
start----
                all      0.37      0.00      3.76      0.06      0.00     95.81
                all      9.19      0.00     49.87      0.18      0.00     40.76
                all      0.05      0.00     94.47      0.00      0.00      5.48
                all      2.04      0.00     91.94      0.00      0.00      6.01
                all      0.05      0.00     85.27      0.00      0.00     14.68
                all      0.04      0.00     87.21      0.00      0.00     12.76
                all      4.24      0.00     83.78      0.00      0.00     11.97
                all      2.60      0.00     23.09      0.00      0.00     74.31
end------
                all      0.00      0.00      0.03      0.00      0.00     99.97
                all      0.12      0.00      0.41      0.00      0.00     99.47
                all      0.13      0.00      0.45      0.05      0.00     99.37
                all      0.14      0.00      0.43      0.01      0.00     99.42
start----
                all      3.05      0.00     24.38      0.10      0.00     72.47
                all      6.36      0.00     80.87      0.05      0.00     12.72
                all      0.05      0.00     94.70      0.00      0.00      5.25
                all      3.19      0.00     86.85      0.00      0.00      9.96
                all      0.04      0.00     87.36      0.00      0.00     12.59
                all      0.04      0.00     87.20      0.00      0.00     12.76
                all      5.55      0.00     55.11      0.00      0.00     39.34
                all      0.03      0.00      0.11      0.01      0.00     99.86
end------
                all      0.07      0.00      0.28      0.00      0.00     99.65
                all      0.13      0.00      0.44      0.00      0.00     99.43
                all      0.13      0.00      0.43      0.00      0.00     99.44
start----
                all      0.48      0.00      6.72      0.04      0.00     92.75
                all      8.95      0.00     54.31      0.14      0.00     36.60
                all      0.06      0.00     94.64      0.00      0.00      5.30
                all      2.01      0.00     90.63      0.00      0.00      7.36
                all      0.10      0.00     87.37      0.00      0.00     12.54
                all      0.04      0.00     87.15      0.00      0.00     12.81
                all      9.04      0.00     80.77      0.06      0.00     10.13
                all      0.10      0.00     17.48      0.01      0.00     82.41
end------
                all      0.03      0.00      0.14      0.00      0.00     99.83
                all      0.14      0.00      0.43      0.00      0.00     99.43
                all      0.13      0.00      0.44      0.00      0.00     99.43
start----
                all      0.13      0.00      0.39      0.00      0.00     99.48
                all      7.49      0.00     37.81      0.26      0.00     54.44
                all      1.43      0.00     90.26      0.00      0.00      8.36
                all      0.04      0.00     94.78      0.00      0.00      5.17
                all      0.04      0.00     94.84      0.00      0.00      5.12
                all      0.04      0.00     94.85      0.00      0.00      5.10
                all      5.60      0.00     82.69      0.00      0.00     11.71
                all      0.04      0.00     87.38      0.00      0.00     12.58
                all      0.05      0.00     87.23      0.00      0.00     12.72
                all      0.05      0.00     87.23      0.00      0.00     12.72
                all      0.06      0.00     87.26      0.00      0.00     12.67
                all      0.05      0.00     87.31      0.00      0.00     12.64
                all      5.23      0.00     42.66      0.00      0.00     52.11
                all      0.03      0.00      0.08      0.00      0.00     99.89
end------
                all      0.10      0.00      0.32      0.00      0.00     99.58
                all      0.14      0.00      0.43      0.00      0.00     99.43
                all      0.14      0.00      0.44      0.07      0.00     99.35
start----
                all      0.96      0.00     12.77      0.07      0.00     86.20
                all      8.42      0.00     61.02      0.10      0.00     30.45
                all      0.06      0.00     94.55      0.00      0.00      5.40
                all      0.05      0.00     94.85      0.00      0.00      5.10
                all      0.04      0.00     94.84      0.00      0.00      5.11
                all      2.90      0.00     90.00      0.00      0.00      7.10
                all      0.04      0.00     87.36      0.00      0.00     12.60
                all      0.04      0.00     87.26      0.00      0.00     12.69
                all      0.04      0.00     87.20      0.00      0.00     12.76
                all      0.07      0.00     87.25      0.00      0.00     12.68
                all      0.04      0.00     87.26      0.00      0.00     12.70
                all      7.50      0.00     80.84      0.00      0.00     11.66
                all      0.09      0.00     13.91      0.00      0.00     86.00
end------
                all      0.01      0.00      0.06      0.00      0.00     99.93
                all      0.14      0.00      0.43      0.00      0.00     99.43
                all      0.13      0.00      0.44      0.00      0.00     99.44
                all      0.13      0.00      0.45      0.00      0.00     99.43
start----
                all      4.03      0.00     28.16      0.17      0.00     67.64
                all      4.74      0.00     85.93      0.16      0.00      9.17
                all      0.05      0.00     94.73      0.00      0.00      5.22
                all      0.04      0.00     94.84      0.00      0.00      5.11
                all      0.05      0.00     94.88      0.00      0.00      5.07
                all      2.94      0.00     86.13      0.00      0.00     10.92
                all      0.05      0.00     87.30      0.00      0.00     12.65
                all      0.05      0.00     87.17      0.00      0.00     12.78
                all      0.04      0.00     87.25      0.00      0.00     12.70
                all      0.06      0.00     87.15      0.00      0.00     12.78
                all      0.05      0.00     87.28      0.00      0.00     12.67
                all      5.64      0.00     53.48      0.00      0.00     40.88
                all      0.03      0.00      0.11      0.00      0.00     99.86
end------
                all      0.08      0.00      0.27      0.00      0.00     99.65
                all      0.13      0.00      0.44      0.00      0.00     99.43
                all      0.14      0.00      0.43      0.07      0.00     99.35
End of data collecting unexpected
